0 1 2 3 4 5 6 7
0 1 2 3
0 1 2 3 8 9 10 11 12 13 14 15 16 17 18 19 20 21 22 23
0 1 2 3 8 9 10 11 12 13 14 15 16 17 18 19 20 21 22 23
0 1 2 3 4 5 6 7 24 25 26
0 1 2 3 4 5 6 7 24 25 26
0 1 2 3
0 1 2 3 8 9 10 11 12 13 14 15 16 17 18 19 20 21 22 23
0 1 2 3 8 9 10 11 12 13 14 15 16 17 18 19 20 21 22 23
6 26 27 28 29
6 26 27 28 29
6 26 27 28 29
6 26 27 28 29
4 5 6 24 25 26
6 26
4 5 6 24 25 26
28 29
28 29
28 29
28 29
28 29
28 29
28 29
28 29
28 29
28 29
28 29
28 29
28 29
28 29
6 27 28 29
6 27 28 29
6 27 28 29
6 27 28 29
4 5 6
6
28 29
28 29
28 29
28 29
28 29
28 29
28 29
28 29
28 29
28 29
28 29
28 29
28 29
28 29
0 1 2 3 8 9 10 11 30 31 32
33 34 35 36
15 16
32
32
32
32
30 31 32
32
32
32
32
37 38 39 40
41 42
41 42
0 1 2 3 43 44 45
0 1 2 3
0 1 2 3 8 9 10 11 12 13 14 15 16 48 49 50 51 52 53 54 55
46 47
46 47
46 47
0 1 2 3 8 9 10 11 12 13 14 15 16 48 49 50 51 52 53 54 55 56 57
45 58 59 64
45 58 59 64
45 58 59 64
45 58 59 64
43 44 45
59 64
59 64
59 64
59 64
59 64
60 61 62
60 61 62
59 64
59 64
63 65
63 65
63 65
63 65
63 65
63 65
63 65
63 65
65
65
0 1 2 3
0 1 2 3 8 9 10 11 12 13 14 15 16 66 67 68 69 70 71 72 73 74 75 76 77 78 79 80 81 82 83 84 85 86 87 88 89 90 91 92 93 94 95 96 97 98 99 100
68 101
68 101
68 101
68 101
66 67 68
68
68
68
68
68
68
68
68
68
68
68
68
68
68
68
68
68
68
68
68
68
68
68
68
68
68
68
68
68
68
68
68
68
68
68
68
68
68
68
0 1 2 3 102 103 104
0 1 2 3
0 1 2 3 8 9 10 11 12 13 14 15 16 48 49 50 51 54 55 56 57 105 106 107 108 109 110 111 112 113
104 114 115
104 114 115
104 114 115
104 114 115
102 103 104
115
115
115
115
115
115
115
116
116
116
116
116
116
116
116
116
116
116
116
116
116
116
116
116
0 1 2 3
0 1 2 3
0 1 2 3 8 9 10 11 117 118 119 120
121 122 123 124
125 126 127 1036 1039 1040
125 126 127 1036 1039 1040
125 126 127 1036 1039 1040
125 126 127 1036 1039 1040
127 1040
127 1040
127 1040
127 1040
128
128
129 130
129 130
0 1 2 3 7 131 137 1071 1072
0 1 2 3
0 1 2 3 8 9 10 11 131 132 133 134 135 136
137 139 140
137 139 140
137 139 140
137 139 140
137 138 141
140
140
140
140
142 143 144 145
142 143 144 145
146
146
146
0 1 2 3 7 131 147 1073 1074
0 1 2 3
0 1 2 3 8 9 10 11 131 132 133 134 135 136
147 149 150
147 149 150
147 149 150
147 149 150
147 148 151
150
150
150
150
152 153 154 155
152 153 154 155
156
156
156
0 1 2 3 8 9 10 11 12 13 14 15 16 69 70 71 72 75 95 157 158 162 163 164 165 166 167 168 169 170 171 172 173 174 175 176 177 178 179 180 181 182 183 184 185 186 187
0 1 2 3 159 160 161
0 1 2 3
0 1 2 3 8 9 10 11 12 162
188
188
161 189 190 191
161 189 190 191
161 189 190 191
161 189 190 191
159 160 161
190 191
190 191
190 191
190 191
190 191
190 191
192
192
192
192
192
192
191
191
191
191
191
191
191
191
191
191
191
191
191
191
191
191
191
191
191
191
191
191
191
191
191
191
191
191
191
191
191
0 1 2 3 193 194 195 196
0 1 2 3 8 9 10 11 12 13 14 15 16 197 198 199 200 201 202 203
0 1 2 3 8 9 10 11 12 13 14 15 16 197 198 199 201 202 203 204
0 1 2 3 8 9 10 11 12 13 14 15 16 197 198 199 200 202 204 205
0 1 2 3 8 9 10 11 12 13 14 15 16 197 198 199 200 201 204 205
0 1 2 3 8 9 10 11 12 13 14 15 16 80 85 86 88 98 99 197 198 199 200 201 202 204 206 207
196 200 201 202 203 204
196 200 201 202 203 204
196 200 201 202 203 204
196 200 201 202 203 204
194 195 196
196
200 201 202 203 204
200 201 202 203 204
200 201 202 203 204
200 201 202 203 204
200 201 202 203 204
200 201 202 203 204
200 201 202 203 204
200 201 202 203 204
200 201 202 203 204
200 201 202 203 204
201 202 203 204
200 203 204
201 203 204
200 201 202 204
200 201 202 203
202
203
203
203
203
203
203
203
203
203
0 1 2 3 208 209 210
0 1 2 3 211 212 213
0 1 2 3 214 215 216
0 1 2 3 217 218 219
0 1 2 3 220 221 222
0 1 2 3 223 224 225
0 1 2 3 8 9 10 11 12 13 14 15 16 197 198 199 203
200 210 213 216 219 222 225
200 210 213 216 219 222 225
200 210 213 216 219 222 225
200 210 213 216 219 222 225
208 209 210
211 212 213
214 215 216
217 218 219
220 221 222
223 224 225
200
200
200
200
200
200
200
200
200
200
200
0 1 2 3 226 227 228
0 1 2 3 8 9 10 11 12 13 14 15 16 229
228 230
228 230
228 230
228 230
226 227 228
230
230
230
230
230
230
230
230
0 1 2 3 231 232 233
0 1 2 3 8 9 10 11 12 13 14 15 16 229
233 234
233 234
233 234
233 234
231 232 233
234
234
234
234
234
234
234
234
0 1 2 3 235 236 237
0 1 2 3 238 239 240
0 1 2 3 8 9 10 11 12 13 14 15 16 70 71 80 85 86 88 95 98 99 177 178 179 180 181 182 183 186 206 207 241 242 243 244 245 246 247 248 249 250 251 252 253 254 255 256 257 258 259 260 261 262 263 264 265 266
0 1 2 3 8 9 10 11 12 13 14 15 16 70 71 80 85 86 88 95 98 99 177 178 179 180 181 182 183 186 206 207 241 242 243 244 245 246 247 248 249 250 251 252 253 254 255 256 257 258 259 260 261 262 263 264 265 266
237 240 267 268
237 240 267 268
237 240 267 268
237 240 267 268
235 236 237
238 239 240
267 268
267 268
267 268
267 268
267 268
267 268
267 268
267 268
267 268
267 268
267 268
267 268
267 268
267 268
267 268
267 268
267 268
267 268
267 268
267 268
267 268
267 268
267 268
267 268
267 268
267 268
267 268
267 268
267 268
267 268
267 268
267 268
267 268
267 268
267 268
267 268
267 268
267 268
267 268
267 268
267 268
267 268
267 268
267 268
267 268
267 268
267 268
267 268
267 268
267 268
267 268
267 268
0 1 3 8 9 10 11 12 15 16 269 270 271 272 273 274
275 276 277
0 1 3 8 9 10 11 12 15 16 269 270 271 272 273 274
278
279
279
280 284
280 284
280 284
280 284
280 284
280 284
280 284
280 284
280 284
280 284
280 284
280 284
281 282 283
285
285 286
0 1 3 269
0 1 3 269
0 1 3 8 9 10 11 269
121 287
288 289 290
288 289 290
288 289 290
288 289 290
290
290
290
290
291 292
0 1 2 3 293 294 295
0 1 2 3
0 1 2 3 8 9 10 11 12 13 14 15 16 80 85 86 88 98 99 206 207 296
295 297 298
295 297 298
295 297 298
295 297 298
293 294 295
298
298
298
298
298
298
298
298
298
298
298
298
298
298
298
298
0 1 2 3 299 300 301
0 1 2 3 8 9 10 11 12 13 14 15 16 71 264 266 302
301 303
301 303
301 303
301 303
299 300 301
303
303
303
303
303
303
303
303
303
303
303
0 1 2 3 304 305 306
0 1 2 3
0 1 2 3 8 9 10 11 12 13 14 15 16
306 307 308
306 307 308
306 307 308
306 307 308
304 305 306
308
308
308
308
308
308
308
0 1 2 3 309 310 311 312 313
0 1 2 3 309 310 314 315 316
0 1 2 3
0 1 2 3
0 1 2 3 8 9 10 11 12 13 14 15 16 99 207 317 318 319 320 321 322 323 324 325 326 327 328 329 330 331
309 311 312 313 332
309 332
313 316 333 334 335
313 316 333 334 335
313 316 333 334 335
313 316 333 334 335
314 315 316
335
335
335
335
335
335
335
336
335
335
335
335
335
335
335
335
335
335
335
335
335
335
335
0 1 2 3 337 338 339
0 1 2 3
0 1 2 3 8 9 10 11 12 13 14 15 16 340 341 342 343 344 345 346
0 1 2 3 8 9 10 11 12 13 14 15 16 340 341 342 343 344 345 346
0 1 2 3 8 9 10 11 12 13 14 15 16 340 346 347 348 349 350 351
339 352 353 355 357
339 352 353 355 357
339 352 353 355 357
339 352 353 355 357
337 338 339 354 356 358
353 355 357
353 355 357
353 355 357
353 355 357
353 355 357
353 355 357
353 355 357
353 355 357
353 355 357
353 355 357
353 355 357
353 355 357
353 355 357
0 1 2 3
0 1 2 3
0 1 2 3 8 9 10 11 359 360 361 362 363 364 365
366 367 368
366 367 368
366 367 368
366 367 368
368
368
368
368
369
0 1 2 3 370 371 372
0 1 2 3
0 1 2 3 8 9 10 11 12 13 14
15 16
372 373 374
372 373 374
372 373 374
372 373 374
370 371 372
374
374
374
374
374
374
374
0 1 2 3 8 9 10 11 12 13 14 15 16 375 376 377 378 379
377
377
377
377
375 376 377
377
377
377
377
377
377
377
377
377
0 1 2 3 380 381 382 383 384 385 386 387 388 389 390 391
0 1 2 3 380 381 382 383 384 385 386 387 388 389 390 391
0 1 2 3 386 387 388 389 390 391
0 1 2 3 386 387 388 389 390 391
0 1 2 3 8 9 10 11 12 13 14 15 16 392 393 394 395 396 397 398 399 400 401 402 403
0 1 2 3 8 9 10 11 12 13 14 15 16 392 393 394 395 396 397 398 399 400 401 402 403
382 385 400 401 404 405
382 385 400 401 404 405
382 385 400 401 404 405
382 385 400 401 404 405
380 381 382 383 384 385
380 381 382 383 384 385
380 383 406 407 408 409 410 411 412 413 414 415
380 383 406 407 408 409 410 411 412 413 414 415
400 401
400 401
400 401
400 401
400 401
400 401 416 417
400 401 416 417
400 401
400 401
400 401
400 401
400 401
400 401
400 401
400 401
400 401
400 401
0 1 2 3 386 387 388 389 390 391 418 419 420 421 422 423
0 1 2 3 386 387 388 389 390 391 418 419 420 421 422 423
0 1 2 3 386 387 388 389 390 391
0 1 2 3 8 9 10 11 12 13 14 15 16 386 389
420 423 424 432
420 423 424 432
420 423 424 432
420 423 424 432
418 419 420 421 422 423
418 419 420 421 422 423
418 421 425 426 427 428 429 430 431 433
418 421 425 426 427 428 429 430 431 433
432
432
432
432
432
432
432
0 1 2 3 434 435 436
0 1 2 3
0 1 2 3 8 9 10 11 12 13 14 15 16
436 437 438
436 437 438
436 437 438
436 437 438
434 435 436
438
438
438
438
438
438
438
0 1 2 3 8 9 10 11 439 440 441 442 443 444 445 446
447
447
447
447
447
447
447
447
448
448
448
448
448
447
447
447
0 1 3 8 9 10 11 269
0 1 3 8 9 10 11 269
0 1 3 8 9 10 11 269 449
121
450 451 452
450 451 452
450 451 452
450 451 452
450 451 452
450 451 452
450 451 452
450 451 452
453
454
0 1 2 3 455 456 457
0 1 2 3
0 1 2 3 8 9 10 11 12 13 14 15 16 80 85 86 88 98 99 206 207 458
457 459 460
457 459 460
457 459 460
457 459 460
455 456 457
460
460
460
460
460
460
460
460
460
460
460
460
460
460
460
460
0 1 2 3 461 462 463
0 1 2 3
0 1 2 3 8 9 10 11 12 13 14 15 16
463 464 465
463 464 465
463 464 465
463 464 465
461 462 463
465
465
465
465
465
465
465
0 1 2 3
0 1 2 3 392 393
0 1 2 3
0 1 2 3 8 9 10 11 15 16 392 393 466 467 468 469 470 471 472 473 474 475 476 477 478 479 480
481 482 483 484 485 486 487 488 489 490 491 492 493 494 495
496
496
481 482 483 484 485 486 487 488 489 490 491 492 493 494 495 497 498 499
1 2 3 8 9 10 11 392 393
15 16 500 501 502 503 504 505 506 507 508
15 16 500 501 502 503 504 505 506 507 508
509 510 512 513
509 510 512 513 548
509 510 512 513 548
509 510 512 513 548
511 514 515 516 517 518 519 520 521 549 550 551 560 561
511 514 515 516 517 518 519 520 521 549 550 551 560 561
513 548
513 548
513 548
513 548
522
522
522
522
522
522
523 524 525 526 527 531 542 543 544
522
522
526 527 528 529 530 531 542 543 544 545 546 547
526 527 528 529 530 531 542 543 544 545 546 547
532 533 534
535 536 537 538
539 540 541 542
551 552 553 554 555 556 557 558 559 561 562 563 564 565 566 567 568 569
0 1 2 3
0 1 2 3
0 1 2 3 8 9 10 11 12 13 14 15 16 71 80 85 86 88 93 98 99 264 266 302
570 571 572 583 584 585
570 571 572 583 584 585
570 571 572 583 584 585
570 571 572 583 584 585
572 585
572 585
572 585
572 585
572 585
572 585
572 585
572 585
572 585
572 585
572 585
572 585
572
572 585
572 585
572 585
572 585
572 585
0 1 2 3
0 1 2 3
0 1 2 3 8 9 10 11 12 13 14 15 16 80 85 86 88 93 98 99 573 574
575 576 577
575 576 577
575 576 577
575 576 577
577
577
577
577
577
577
577
577
577
577
577
577
577
577
577
577
0 1 2 3
0 1 2 3
0 1 2 3 8 9 10 11 12 13 14 15 16 48 49 50 51 54 55 112 573 577
574 578 579
574 578 579
574 578 579
574 578 579
574
574
574
574
574
574
574
574
574
580
580
580
580
580
580
580
0 1 2 3 581 582 583
0 1 2 3
0 1 2 3 8 9 10 11 12 13 14 15 16 71 80 85 86 88 98 99 206 207 264 266 302
581 582 583
585
585
0 1 2 3 586 587 588
0 1 2 3 589 590 591
0 1 2 3
0 1 2 3 8 9 10 11 12 13 14 15 16 80 85 86 88 98 99 206 207 573 577 592 593 594 595 596
573 588 591 597
573 588 591 597
573 588 591 597
573 588 591 597
586 587 588
589 590 591
573
573
573
573
573
573
573
573
573
573
573
573
573
573
573
573
573
573
573
573
573
573
0 1 2 3 598 599 600
0 1 2 3 601 602 603
0 1 2 3
0 1 2 3 8 9 10 11 12 13 14 15 16 69 70 71 72 79 80 85 86 88 93 98 99 168 252 262 323 604 605 606 607 608 609 610 611 612 613
600 603 614 615
600 603 614 615
600 603 614 615
600 603 614 615
598 599 600
601 602 603
615
615
615
615
615
615
615
615
615
615
615
615
615
615
615
615
615
615
615
615
615
615
615
615
615
615
615
615
615
615
615
615
615
0 1 2 3 8 9 10 11 12 13 14 15 16 616 617 618
618
618
618
618
616 617 618
618
618
618
618
618
618
618
0 1 2 3 8 9 10 11 12 13 14 15 16
619
619
619
619
619
619
619
619
619
619
619
0 1 2 3 8 9 10 11 12 13 14 15 16
620
620
620
620
620
620
620
620
620
620
620
0 1 2 3
0 1 2 3
0 1 2 3 8 9 10 11
121 287
621 622 623
621 622 623
621 622 623
621 622 623
623
623
623
623
624 625
0 1 2 3 8 9 10 11 626 627 628 629 630 631 632 633 634
635 636 637 638
639
639
639
639
639
639
639
639
640 641 642
640 641 642
640 641 642
643 644
643 644
0 1 2 3 8 9 10 11 12 13 14 15 16 645 646 647
647
647
647
647
645 646 647
647
647
647
647
647
647
647
0 1 2 3 310 648 649 650
0 1 2 3
0 1 2 3 8 9 10 11 12 13 14 15 16
0 1 2 3 8 9 10 11 12 13 14 15 16
650 651 652 653
650 651 652 653
650 651 652 653
650 651 652 653
648 649 650
652 653
652 653
652 653
652 653
652 653
652 653
652 653
0 1 2 3 310 654 655 656
0 1 2 3
0 1 2 3 8 9 10 11 12 13 14 15 16
653 656 657
653 656 657
653 656 657
653 656 657
654 655 656
653
653
653
653
653
653
653
0 1 2 3 658 659 660
0 1 2 3
0 1 2 3 8 9 10 11 12 13 14 15 16 70 71 73 74 75 172 612 613
0 1 2 3 8 9 10 11 12 13 14 15 16 70 71 73 74 75 172 612 613
660 661 662 663
660 661 662 663
660 661 662 663
660 661 662 663
658 659 660
662 663
662 663
662 663
662 663
662 663
662 663
662 663
662 663
662 663
662 663
662 663
662 663
662 663
662 663
662 663
0 1 2 3 664 665 666 667 668
0 1 2 3
0 1 2 3 8 9 10 11 12 13 14 15 16 80 85 86 88 93 98 99 664 665
668 669 670
668 669 670
668 669 670
668 669 670
664 665 666 667 668
664 665
670
670
670
670
670
670
670
670
670
670
670
670
670
670
0 1 2 3 671 672 673
0 1 2 3
0 1 2 3 8 9 10 11 12 13 14 80 85 86 88 392 393 674 675
673 676 677
673 676 677
673 676 677
673 676 677
671 672 673
677
677
677
677
677
677 678
677 678
677
677
677
677
677
677
0 1 2 3 679 680 681
0 1 2 3
0 1 2 3 8 9 10 11 12 13 14 15 16
681 682 683
681 682 683
681 682 683
681 682 683
679 680 681
683
683
683
683
683
683
683
0 1 2 3 684 685 686
0 1 2 3
0 1 2 3 8 9 10 11 12 13 14 15 16 687 688 689
0 1 2 3 8 9 10 11 12 13 14 15 16 687 688 689
686 690 691 692 927
686 690 691 692 927
686 690 691 692 927
686 690 691 692 927
684 685 686
691 692
691 692
691 692
691 692
691 692
691 692
691 692
691 692
691 692
691 692
0 1 2 3 693 694 695
0 1 2 3
0 1 2 3 8 9 10 11 12 13 14 15 16 696
0 1 2 3 12 13 14 15 16 696 697 698 699 700
695 701 702 703 930
695 701 702 703 930
695 701 702 703 930
695 701 702 703 930
693 694 695
702
702
702
702
702 703
702 703
702 703
702 703
703
703
703
703
0 1 2 3 8 9 10 11 12 13 14 15 16 704 705 706
706
706
706
706
704 705 706
706
706
706
706
706
706
706
0 1 2 3 707 708 709
0 1 2 3
0 1 2 3 8 9 10 11 12 13 14 15 16 710 711 712 713 714 715 716 717
0 1 2 3 8 9 10 11 12 13 14 15 16 710 711 712 713 714 715 716
0 1 2 3 8 9 10 11 12 13 14 15 16 710 711 712 713 714 715 716 717
0 1 2 3 8 9 10 11 12 13 14 15 16 710 711 712 713 714 715 716 717
709 718 719 722 725 728
709 718 719 722 725 728
709 718 719 722 725 728
709 718 719 722 725 728
707 708 709
719 722 725 728
719 722 725 728
719 722 725 728
719 722 725 728
719 722 725 728
720 723 726 729
720 723 726 729
720 721 723 724 726 727 729 730
719 722 725 728
719 722 725 728
719 720 721 722 723 724 725 726 727 728 729 730
719 725 728
0 1 2 3 731 732 733
0 1 2 3
0 1 2 3 8 9 10 11 12 13 14 15 16
733 734 735
733 734 735
733 734 735
733 734 735
731 732 733
735
735
735
735
735
735
735
0 1 2 3 8 9 10 11 12 13 14 15 16 95 182 736 737 738 739 740 741 742 743
738
738
738
738
736 737 738
738
738
738
738
738
738
738
738
738
738
738
738
738
738
0 1 2 3 8 9 10 11 12 13 14 15 16 70 71 73 74 76 77 79 81 95 302 744 745 746 747 748 749
0 1 2 3
0 1 2 3 8 9 10 11 12 13 14 15 16 70 71 73 74 76 77 79 81 95 302 744 745 746 749 750 751
746 749 752
746 749 752
746 749 752
746 749 752
744 745 746 747 748 749
744 745 746 747 748 749
746 749
746 749
746 749
746 749
746 749
746 749
746 749
746 749
746 749
746 749
746 749
746 749
746 749
746 749
746 749
746 749
746 749
0 1 2 3 753 754 755
0 1 2 3
0 1 2 3 8 9 10 11 12 13 14
755 756 757 933
755 756 757 933
755 756 757 933
755 756 757 933
753 754 755
757
757
757
757
757
757
757
0 1 2 3 8 9 10 11 12 13 14 15 16 717 758 759 760
760
760
760
760
758 759 760
760
760
760
760
760
760
760
760
0 1 2 3 8 9 10 11 12 13 14 15 16 717 761 762 763 764
763
763
763
763
761 762 763
763
763
763
763
763
763
763
763
763
0 1 2 3 765 766 767
0 1 2 3
0 1 2 3 8 9 10 11 12 13 14 15 16 80 85 86 88 98 99 206 207
0 1 2 3
768 769 770
768 769 770
767 771 772 773
767 771 772 773
767 771 772 773
767 771 772 773
765 766 767
772
772
772
772
772
772
772
772
772
772
772
772
772
772
772
774 776
775 777
774 775 776 777
0 1 2 3 8 9 10 11 12 13 14 15 16 778 779 780 781 782 783 785
784
780
780
780
780
778 779 780
780
780
780
780
780
780
780
780
780
780
0 1 2 3 8 9 10 11 12 13 14 15 16 781 782 786 787 788 789
788
788
788
788
786 787 788
788
788
788
788
788
788
788
788
788
788
0 1 2 3 790 791 792
0 1 2 3
0 1 2 3 8 9 10 11 12 13 14
792 793 794
792 793 794
792 793 794
792 793 794
790 791 792
794
794
794
794
794
794
794
0 1 2 3 795 796 797
0 1 2 3
0 1 2 3 8 9 10 11 12 13 14 15 16
797 798 799 936
797 798 799 936
797 798 799 936
797 798 799 936
795 796 797
799
799
799
799
799
799
799
0 1 2 3 800 801 802
0 1 2 3
0 1 2 3 8 9 10 11 12 13 14 15 16 764
802 803 804
802 803 804
802 803 804
802 803 804
800 801 802
804
804
804
804
804
804
804
804
0 1 2 3 805 806 807
0 1 2 3
0 1 2 3 8 9 10 11 12 13 14 271 273 674 808 809 810 811 812 813 814 815 816 817 818
807 819 820 939
807 819 820 939
807 819 820 939
807 819 820 939
805 806 807
820
820
820
820
820
820 821
820 821
820 821 822
820 821 822
820
820
820
820
820
820
0 1 2 3 823 824 825
0 1 2 3
0 1 2 3 8 9 10 11 12 13 14 15 16 826 827
825 828 829 942
825 828 829 942
825 828 829 942
825 828 829 942
823 824 825
829
829
829
829
829
829
829
829
830
0 1 2 3 831 832 833
0 1 2 3
0 1 2 3 8 9 10 11 12 13 14 15 16 18 20 834 835 836 837 838 839 840 841 842 843 844 845 846 847 848 849 850 851 852 853 854 855 856 857 858 859
833 860 861 945
833 860 861 945
833 860 861 945
833 860 861 945
831 832 833
861
861
861
861
861
861
861
861
861
861
861
861
861
861
861
861
861
861
861
861
861
861
861
861
861
861
861
861
861
861
861
861
861
861
861
0 1 2 3 862 863 864
0 1 2 3
0 1 2 3 8 9 10 11 12 13 14 717 865 866
864 867 868 948
864 867 868 948
864 867 868 948
864 867 868 948
862 863 864
868
868
868
868
868
868
868
868
868
868
0 1 2 3 869 870 871
0 1 2 3
0 1 2 3 8 9 10 11 12 13 14 15 16
0 1 2 3 8 9 10 11 12 13 14 15 16
871 872 873 874
871 872 873 874
871 872 873 874
871 872 873 874
869 870 871
873 874
873 874
873 874
873 874
873 874
873 874
873 874
0 1 2 3 875 876 877 881
0 1 2 3 878 879 880 881
0 1 2 3
0 1 2 3 8 9 10 11 12 13 14 15 16 881 882 883 884 885 886
877 880 887 888
877 880 887 888
877 880 887 888
877 880 887 888
875 876 877
878 879 880
877 880 888 889 890
888
888
888
888
888
888
888
888
888
888
0 1 2 3 891 892 893
0 1 2 3
0 1 2 3 8 9 10 11 12 13 14 15 16 894 895 896
893 897 898
893 897 898
893 897 898
893 897 898
891 892 893
898
898
898
898
898
898
898
898
898
898
0 1 2 3 899 900 901
0 1 2 3
0 1 2 3 8 9 10 11 12 13 14 15 16 902 903 904 905 906 907 952
901 908 909 951
901 908 909 951
901 908 909 951
901 908 909 951
899 900 901
909
909
909
909
909
909
909
910 911 912
910 913 914 953
0 1 2 3 915 916 917
0 1 2 3
0 1 2 3 8 9 10 11 12 13 14 15 16 781 782 789
917 918 919 956
917 918 919 956
917 918 919 956
917 918 919 956
915 916 917
919
919
919
919
919
919
919
919
919
919
0 1 2 3 920 921 922
0 1 2 3
0 1 2 3 8 9 10 11 12 13 14 15 16
922 923 924
922 923 924
922 923 924
922 923 924
920 921 922
924
924
924
924
924
924
924
0 1 2 3 925 926 927
925 926 927
0 1 2 3 928 929 930
928 929 930
0 1 2 3 931 932 933
931 932 933
0 1 2 3 934 935 936
934 935 936
0 1 2 3 937 938 939
937 938 939
0 1 2 3 940 941 942
940 941 942
0 1 2 3 943 944 945
943 944 945
0 1 2 3 946 947 948
946 947 948
0 1 2 3 949 950 951
949 950 951
0 1 2 3 954 955 956
954 955 956
0 1 2 3 8 9 10 11 444 957 958 959 960
961
961
961
961
961
961
961
961
962
962
962
962
961
0 1 2 3 8 9 10 11
0 1 2 3 8 9 10 11
963
964
964
965 966
965 966
965 966
965 966
965 966
965 966
965 966
965 966
967
968 969 970 971
0 1 2 3 8 9 10 11 12 13 14 15 16 972 973 974
974
974
974
974
972 973 974
974
974
974
974
974
974
974
0 1 2 3 8 9 10 11 12 13 14 15 16 975 976 977
0 1 2 3 8 9 10 11 12 13 14 15 16 977 978 979
980 981
980 981
980 981
980 981
975 976
980 981
980 981
980 981
980 981
980 981
980 981
980 981
980 981
978 979
0 1 2 3 8 9 10 11 12 13 14 15 16 982 983 984
0 1 2 3 8 9 10 11 12 13 14 15 16 985 986 987
984 987
984 987
984 987
984 987
982 983 984
984 987
984 987
984 987
984 987
984 987
984 987
984 987
985 986 987
0 1 3 8 9 10 11 158 269 988 989 990 991 992 993 994 995 996 997 998 999 1000 1001 1002 1003 1004 1005 1006 1007 1008 1009 1010 1011 1012 1013 1014 1015
964 1016 1017 1018 1019
1016 1017 1018 1020
1021
1022
1022
1022
1022
1022
1022
1022
1022
1023
1023
1023
1023
1023
1023
1023
1023
1023
1023
1023
1023 1024
1023
1023
1025 1026 1027 1029 1030 1031
1025 1028
1029 1030 1032
1033
0 1 2 3 7 131 1034 1035 1036 1037
0 1 2 3
0 1 2 3 8 9 10 11 12 13 14 15 16 1037
1034 1035 1036
1036 1038
1040
1040
1040
0 1 2 3 7 131 1041 1042 1043
0 1 2 3
0 1 2 3 8 9 10 11 12 13 14 15 16
1043 1045 1046
1043 1045 1046
1043 1045 1046
1043 1045 1046
1041 1042 1043
1043 1044
1046
1046
1046
1046
1046
1046
1046
0 1 2 3 7 131 1047 1048 1049
0 1 2 3
0 1 2 3 8 9 10 11 12 13 14 15 16
0 1 2 3 8 9 10 11 12 13 14 15 16
1049 1051 1052 1053
1049 1051 1052 1053
1049 1051 1052 1053
1049 1051 1052 1053
1047 1048 1049
1049 1050
1052 1053
1052 1053
1052 1053
1052 1053
1052 1053
1052 1053
1052 1053
0 1 2 3 7 131 1054 1055 1056
0 1 2 3
0 1 2 3 8 9 10 11 12 13 14 15 16
1056 1058 1059
1056 1058 1059
1056 1058 1059
1056 1058 1059
1054 1055 1056
1056 1057
1059
1059
1059
1059
1059
1059
1059
0 1 2 3 7 131 1060 1061 1062
0 1 2 3
0 1 2 3 8 9 10 11 132 133 134 135 136
1062 1064 1065
1062 1064 1065
1062 1064 1065
1062 1064 1065
1060 1061 1062
1062 1063
1065
1065
1065
1065
1066 1067 1068 1069
1066 1067 1068 1069
1070
1070
1070
137 1071 1072
147 1073 1074
0 1 2 3 7 131 1075 1076 1077
0 1 2 3
0 1 2 3 8 9 10 11 15 16 132 133 134 135 136
1077 1079 1080
1077 1079 1080
1077 1079 1080
1077 1079 1080
1075 1076 1077
1077 1078
1080
1080
1080
1080
1081 1082 1083 1084 1085
1081 1082 1083 1084 1085
1085
1085
1085
1086
0 1 2 3 1087 1088 1089
0 1 2 3
0 1 2 3 8 9 10 11 12 13 14 15 16 70 73 74 75 175 612 613 1090 1091 1092 1093
785
1089 1094 1095
1089 1094 1095
1089 1094 1095
1089 1094 1095
1087 1088 1089
1095
1095
1095
1095
1095
1095
1095
1095
1095
1095
1095
1095
1095
1095
1095
1095
1095
1095
0 1 2 3 1096 1097 1098
0 1 2 3
0 1 2 3 8 9 10 11 997 1099 1100 1101 1102 1103 1104 1105 1106 1107 1108 1109 1110 1111 1112 1113 1114 1115 1116
1098 1117 1118
1098 1117 1118
1098 1117 1118
1098 1117 1118
1096 1097 1098
1118
1118
1118
1118
1119 1120
1121
1121
1121
1121
1121
1121
1121
1121
1121
1121
1121
1121
1121
1121
0 1 2 3 1122 1123 1124
0 1 2 3 8 9 10 11 12 13 14 15 16 80 98 99 179 206 207 252 254 255 259 260 323 1125 1126 1127 1128 1129
1124 1130
1124 1130
1124 1130
1124 1130
1122 1123 1124
1130
1130
1130
1130
1130
1130
1130
1130
1130
1130
1130
1130
1130
1130
1130
1130
1130
1130
1130
1130
1130
1130
1130
1130
1131
1132
0 1 2 3 1133 1134 1135
0 1 2 3
0 1 2 3 8 9 10 11 12 13 14 17 18 1136 1137
1131
1132
1135 1138 1139
1135 1138 1139
1135 1138 1139
1135 1138 1139
1133 1134 1135
1139
1139
1139
1139
1139
1139
1139
1139
1139
1139
1139
0 1 2 3 1140 1141 1142
0 1 2 3
0 1 2 3 8 9 10 11 12 13 14 15 16 1143
1142 1144 1145
1142 1144 1145
1142 1144 1145
1142 1144 1145
1140 1141 1142
1145
1145
1145
1145
1145
1145
1145
1145
0 1 2 3 1146 1147 1148
0 1 2 3
0 1 2 3 8 9 10 11 12 13 14 15 16 1143
1148 1149 1150
1148 1149 1150
1148 1149 1150
1148 1149 1150
1146 1147 1148
1150
1150
1150
1150
1150
1150
1150
1150
1151 1154 1157 1158
1151 1154 1157 1158
1151 1154 1157 1158
1151 1154 1157 1158
1151 1152 1153 1154
1151 1154 1155 1156
1158
1158
1158
1158
1158
1158
1158
1158
1158
1158
1158
1158
1158
1158
1158
1158
1158
1158
1158
1158
1158
1158
1158
1158
1158
1158
1158
0 1 2 3 1159 1160 1161
0 1 2 3
0 1 2 3 8 9 10 11 12 13 14 15 16
1161 1162 1163
1161 1162 1163
1161 1162 1163
1161 1162 1163
1159 1160 1161
1163
1163
1163
1163
1163
1163
1163
