1 7 10 17 62 65 71 78 86 286
2 7 10 17 62 65 71 78 87 286
0 1 6 11 13 17 66 71 79 88 287
0 1 6 11 13 66 71 80 89 288
0 1 7 10 13 17 62 65 72 78 90 289
0 1 7 10 13 17 62 65 73 78 91 289
1 7 10 13 17 62 65 72 78 92 286
1 7 10 13 17 62 65 73 78 93 286
3 17 78 94 286
0 1 8 11 13 17 62 66 72 78 95 289
0 1 7 11 13 17 62 66 73 78 96 289
0 1 7 10 17 62 65 72 78 97 289
3 7 10 14 17 62 65 74 78 98 286
4 8 10 13 63 67 71 78 99 290
0 1 7 10 13 17 62 67 73 78 100 289
0 1 7 12 13 17 62 67 72 78 101 289
1 7 10 13 17 25 61 62 67 73 78 102 291
1 7 12 13 17 25 61 62 65 71 78 103 291
4 7 10 62 67 71 78 104 290
4 7 12 43 62 65 71 78 105 286
0 1 7 10 17 25 62 65 68 74 78 106 292
0 1 7 10 17 25 62 65 69 71 78 107 292
4 7 10 17 25 60 62 65 69 72 78 108 291
4 7 10 15 62 65 71 78 109 290
2 8 12 17 62 65 74 78 110 286
4 7 10 15 17 57 62 67 73 78 111 286
4 7 12 15 17 45 62 65 73 78 112 286
1 7 10 17 25 62 65 70 71 78 113 291
1 9 11 13 17 63 65 74 78 114 293
1 8 10 13 17 64 66 71 78 115 286
1 7 10 25 45 60 63 65 71 78 116 291
4 8 10 62 65 71 78 117 290
4 7 12 45 60 63 65 72 78 118 286
4 8 12 57 60 62 65 72 78 119 286
2 6 9 11 13 17 64 65 73 80 120 294
1 9 10 13 17 64 66 71 78 121 286
0 1 9 11 13 17 25 60 64 66 73 78 122 292
4 9 12 15 64 66 71 78 123 290
3 6 9 11 13 64 67 74 81 124 295
0 4 7 10 45 62 67 72 78 125 289
0 4 8 10 45 62 65 73 78 126 289
4 7 12 15 64 66 71 78 127 290
0 1 7 10 62 65 71 78 128 289
1 8 10 45 60 63 67 71 78 129 286
1 8 12 46 60 63 65 71 78 130 286
2 9 11 14 17 19 22 62 67 74 78 84 131 296
1 6 9 11 15 64 66 79 132 297
1 9 11 13 17 64 67 71 78 133 286
4 9 12 15 64 66 71 78 134 290
0 2 7 10 62 67 69 74 77 78 135 289
0 2 7 12 62 65 69 74 77 78 136 289
0 4 8 10 47 62 65 72 78 137 289
4 9 12 15 64 66 71 78 138 290
2 6 9 11 15 64 67 72 81 139 295
4 8 11 63 67 71 78 140 290
4 8 12 15 58 63 66 71 78 141 286
1 7 10 56 62 65 72 78 142 286
0 1 7 10 62 67 73 77 78 143 289
0 1 7 12 62 67 75 78 144 289
4 7 12 25 36 60 63 65 73 78 145 291
4 8 10 25 36 60 62 67 71 78 146 291
0 1 7 10 25 59 60 62 65 72 78 147 292
0 1 7 10 25 54 60 62 65 75 78 148 292
4 8 12 15 56 60 62 65 71 78 149 286
4 7 10 15 63 67 71 78 150 290
1 9 10 63 66 72 78 151 286
4 8 10 62 66 71 78 152 290
0 1 9 25 44 60 64 66 72 78 153 292
0 1 9 11 13 25 44 64 66 73 78 154 292
1 8 12 13 59 63 65 75 78 155 286
1 8 10 13 59 63 67 75 78 156 286
4 9 10 15 62 66 71 78 157 290
0 4 7 12 15 47 63 65 71 78 158 289
0 4 8 10 15 47 62 67 72 78 159 289
0 1 9 12 13 25 56 64 66 75 78 160 292
4 9 10 15 64 66 71 78 161 290
1 9 11 13 64 65 71 78 83 162 298
4 7 10 23 25 62 67 69 73 78 163 299
4 7 12 23 25 62 65 69 72 78 164 299
4 9 10 15 53 64 66 71 78 165 286
2 6 9 11 13 17 64 66 73 80 166 294
1 6 9 11 13 64 66 71 79 167 300
2 6 9 11 13 64 66 73 79 168 300
0 1 7 10 62 65 71 78 169 289
1 8 10 13 17 25 63 65 73 82 170 301
1 8 10 13 17 25 63 65 75 82 171 301
1 6 9 11 64 67 71 80 172 302
4 9 12 64 66 71 82 173 302
1 8 10 13 20 21 28 62 67 72 77 78 174 303
4 7 12 63 65 73 78 175 290
4 7 10 20 24 28 62 65 71 77 78 85 176 304
1 7 10 20 21 29 47 49 62 65 71 77 78 177 303
4 7 10 20 29 47 62 65 71 77 78 178 286
4 7 10 25 57 61 62 65 71 78 179 291
0 3 7 10 20 62 65 74 78 180 305
1 7 10 20 21 26 44 62 65 71 77 78 181 303
0 2 7 10 14 20 21 24 62 65 74 78 182 303
0 2 8 10 16 24 25 28 29 62 65 74 78 183 303
1 7 10 20 24 25 28 29 45 62 65 71 78 184 286
0 4 7 10 47 62 65 71 78 185 289
2 6 9 11 15 25 64 66 74 80 186 302
3 6 9 11 13 17 64 67 75 80 187 294
1 6 9 12 15 64 66 73 78 188 302
0 2 6 7 11 13 25 64 66 74 80 189 306
0 4 9 11 15 25 56 62 66 72 78 190 289
4 7 10 16 25 58 62 65 71 78 191 286
1 7 12 16 25 61 62 67 68 75 78 192 291
4 7 10 15 20 63 67 73 78 193 290
1 8 12 13 20 27 61 62 65 72 78 84 194 296
1 9 11 15 20 25 27 32 64 67 73 81 195 307
4 7 10 16 57 60 62 65 71 78 196 286
2 6 9 11 13 27 48 64 65 71 79 197 300
4 9 10 15 64 66 73 78 198 290
1 9 11 13 21 49 64 67 73 78 199 303
0 4 9 11 15 57 66 71 82 200 288
0 4 9 11 15 56 64 66 75 80 201 306
1 9 11 15 30 44 52 64 66 71 82 202 308
4 9 11 15 30 45 52 64 66 75 78 203 309
0 2 6 8 11 13 34 64 67 72 82 204 288
4 7 10 16 18 24 45 62 65 71 77 78 205 304
5 17 78 206 286
0 1 7 10 17 62 65 72 78 207 289
0 1 7 12 13 17 62 67 72 78 208 289
1 7 10 13 17 62 65 71 78 209 286
4 7 10 15 17 57 62 67 73 78 210 286
1 7 10 17 25 62 65 70 71 78 211 291
0 1 7 10 13 17 62 65 75 78 212 289
0 1 7 10 13 17 62 65 72 78 213 289
0 1 9 11 13 17 25 60 64 66 73 78 214 292
0 1 7 10 62 65 71 78 215 289
1 6 9 11 15 64 66 79 216 297
0 4 8 10 47 62 65 72 78 217 289
1 7 10 57 62 65 72 78 218 286
3 6 9 11 15 64 66 75 79 219 297
3 6 9 11 15 64 66 75 79 220 297
0 1 7 10 62 65 73 78 221 289
4 7 10 62 65 71 78 222 290
1 7 10 17 55 62 65 72 78 223 286
0 2 7 10 17 25 63 67 74 78 224 292
0 1 8 12 17 25 62 65 74 78 225 292
4 7 10 20 24 28 62 65 71 77 78 85 226 304
0 1 7 10 62 65 72 78 227 289
0 1 7 10 62 65 73 78 228 289
4 7 10 25 57 61 62 65 71 78 229 291
0 1 7 10 62 65 71 78 230 289
4 7 12 25 46 61 62 65 71 78 231 291
4 7 10 25 45 61 62 67 71 78 232 291
1 7 10 13 50 62 65 71 78 233 286
1 7 10 13 51 62 65 71 78 234 286
4 7 10 20 21 26 44 62 65 71 77 78 235 303
0 4 7 10 15 20 24 62 65 71 78 236 290
4 7 10 25 45 61 62 65 71 78 237 291
4 7 10 25 56 61 62 65 72 78 238 291
0 1 7 10 16 24 25 28 29 35 63 65 75 78 239 292
1 7 10 20 24 25 28 29 46 62 65 71 78 240 286
0 4 7 10 47 62 65 71 78 241 289
4 7 10 15 25 62 65 71 78 242 290
0 1 7 10 25 35 60 62 65 74 78 243 292
0 1 7 10 25 35 62 65 74 78 244 292
0 1 7 10 25 39 60 62 65 78 245 292
0 1 7 10 25 34 60 62 65 78 246 292
0 1 9 10 13 33 62 66 72 78 247 289
0 1 7 11 13 44 64 65 73 78 248 289
0 1 7 12 16 17 34 62 65 76 78 249 289
0 1 7 10 16 62 67 76 78 250 289
1 6 9 11 13 64 66 71 79 251 300
2 6 9 11 13 31 64 66 71 79 252 300
4 7 10 16 20 24 28 46 62 65 71 78 253 286
4 7 10 16 20 24 28 47 62 65 71 78 254 286
0 1 7 10 13 17 20 34 62 67 72 78 255 289
0 1 7 12 13 17 20 34 62 65 72 78 256 289
4 7 10 16 56 60 62 65 72 78 257 286
1 7 10 16 38 60 62 65 75 78 258 286
4 7 10 16 25 58 62 65 71 78 259 286
4 7 10 16 25 33 62 65 71 78 260 286
4 7 12 16 25 44 61 62 67 73 78 261 291
4 9 12 15 20 25 27 45 64 66 71 81 262 307
0 1 7 10 16 25 41 62 65 73 78 263 289
0 4 7 10 16 25 42 62 65 71 78 264 289
4 7 10 16 57 60 62 65 71 78 265 286
4 7 10 16 45 60 62 65 71 78 266 286
1 8 10 16 63 65 71 78 267 286
1 8 10 16 63 65 72 78 268 286
0 1 7 10 16 62 65 75 78 269 289
0 1 7 10 16 62 65 75 78 270 289
1 9 12 13 21 49 64 66 71 78 271 303
1 8 10 13 37 62 65 75 78 272 286
1 7 10 13 35 63 65 75 78 273 286
3 6 9 11 15 64 66 74 79 274 297
1 6 9 11 15 64 66 71 79 275 297
0 4 9 10 15 63 66 73 78 276 290
0 1 7 10 16 25 35 60 62 65 76 78 277 292
0 4 7 10 16 25 44 60 62 65 72 78 278 292
0 1 7 10 16 34 62 67 72 78 279 289
0 1 7 12 16 34 62 65 73 78 280 289
0 1 9 10 13 17 36 60 62 66 73 78 281 289
0 1 7 11 13 40 64 65 73 82 282 288
4 7 10 16 18 24 45 62 65 71 77 78 283 304
0 1 7 10 16 45 62 65 73 78 284 289
0 4 7 10 16 45 62 65 71 78 285 289
