0 10 20 30 40 50 60 70 80
0 11 21 31 41 51 60 71 80
1 10 20 30 40 52 60 70 80
2 12 22 30 42 53 60 72 80
3 10 20 32 40 50 60 70 80
4 13 23 33 41 51 61 72 80 89
5 10 20 30 40 51 60 70 80
6 10 24 30 40 50 60 70 80
6 10 20 30 40 50 62 70 81
3 14 20 30 40 50 63 70 80
5 10 20 30 43 50 60 70 80
6 10 20 30 40 50 63 70 80
0 15 25 32 40 54 64 73 80 89
5 10 20 30 40 54 60 70 80
4 16 26 34 41 55 65 74 82 89
7 11 27 35 44 50 64 75 80 89
3 10 20 30 40 50 63 70 80
3 10 20 30 40 50 60 70 80
8 16 28 36 45 51 64 70 83 89
2 10 20 30 40 50 60 70 80
7 15 24 34 46 51 65 73 82 89
8 17 26 32 44 56 66 76 80 89
1 10 20 30 40 50 63 70 80
4 11 26 30 40 66 75 80 89
5 10 20 30 40 50 60 70 80
0 14 25 35 40 56 60 77 80 89
1 14 20 30 43 50 63 70 80
0 10 20 30 40 50 63 70 80
6 10 20 30 40 50 63 70 80
5 10 25 30 40 50 62 70 80
1 10 20 30 43 50 63 70 80
6 10 20 30 40 50 60 70 80
8 16 28 32 47 57 66 73 84 89
6 10 20 37 40 50 60 70 80
1 10 24 30 40 50 63 70 80
6 10 20 30 40 50 63 70 80
8 13 23 33 44 50 67 78 80 89
2 14 20 30 43 50 66 70 80
0 11 21 38 40 51 65 77 80 89
6 17 25 32 44 56 66 74 80 89
2 18 27 38 44 66 79 80
8 11 25 30 42 54 68 74 83 89
2 13 23 37 47 51 66 75 84 89
0 18 26 36 48 50 60 70 80 89
8 13 23 35 47 50 67 76 80 89
5 10 20 30 40 50 63 70 83
1 16 28 35 45 55 64 79 80 89
5 10 20 30 40 50 63 70 80
3 10 20 32 40 50 60 70 80
7 12 28 37 45 58 60 79 83 89
9 17 22 30 40 54 63 70 81 89
0 15 25 35 40 53 60 73 80 89
8 15 27 37 42 57 64 76 83 89
0 17 26 33 48 58 66 75 85 89
8 17 26 36 47 58 66 70 80 89
8 18 27 32 45 57 60 77 80 89
4 13 23 30 42 59 60 78 80 89
4 14 21 30 46 50 65 73 82 89
0 14 25 30 44 51 65 70 80 89
9 17 26 37 40 52 65 70 80 89
0 15 26 31 42 54 64 76 80 89
5 10 20 30 40 52 63 70 80
9 13 23 30 48 58 60 75 80 89
2 15 21 30 46 52 60 78 80 89
5 10 20 30 40 50 63 70 80
8 11 24 30 42 52 64 75 86 89
3 10 20 30 40 50 60 70 80
0 15 21 30 47 51 64 78 80 89
4 15 22 32 45 55 67 78 87 89
5 10 20 30 40 50 60 71 80
0 10 25 30 40 50 63 70 80
2 13 24 33 48 52 66 79 86 89
5 15 25 37 40 50 66 71 80
9 11 26 34 44 51 64 79 80 89
8 18 21 30 42 53 60 71 84 89
5 10 24 30 40 52 64 71 80
5 10 21 30 40 50 63 70 80
0 15 20 37 40 50 63 70 80
1 10 20 30 40 54 60 70 80
6 10 20 30 42 50 63 70 80
6 14 24 30 43 50 66 70 80
3 10 20 37 40 50 63 70 80
0 14 20 30 40 50 60 70 80
1 10 20 30 40 52 66 70 80
1 17 28 33 47 55 66 76 85 89
0 13 27 30 48 53 64 76 86 89
1 15 27 35 46 58 64 73 80 89
1 18 27 36 46 51 68 79 84 89
3 10 20 30 40 50 60 70 80
6 10 20 37 42 50 63 70 80
5 10 20 30 40 50 60 70 80
1 10 20 37 40 50 62 70 80
3 10 20 30 40 50 60 70 80
5 10 20 30 40 50 63 70 80
6 10 20 30 40 50 60 70 80
5 10 20 30 40 50 60 70 80
6 10 20 37 40 50 62 70 80
0 10 20 30 40 50 60 70 80
9 18 29 37 48 59 63 78 86 89
7 17 27 34 46 51 66 78 82 89
8 15 26 30 48 57 60 76 83 89
6 15 21 35 40 57 63 74 80 89
3 10 24 30 40 50 60 70 80
4 14 25 30 44 54 66 70 80 89
8 13 23 34 48 50 67 79 87 89
7 15 21 35 42 54 60 71 85 89
8 13 23 33 40 51 64 70 80 89
5 18 22 34 47 51 65 72 80 89
5 10 20 30 40 50 63 75 80
2 17 21 35 42 55 66 79 84 89
5 15 20 37 40 52 65 75 83
4 18 21 32 46 55 60 70 80 89
8 15 25 34 40 51 66 75 84 89
8 13 23 32 48 58 67 70 80 89
1 15 24 30 40 54 60 70 80
5 10 20 30 40 57 62 70 80
4 15 25 30 40 52 60 71 80
3 17 26 34 45 51 66 74 87 89
5 10 20 30 45 54 62 70 80
1 14 20 30 40 52 60 70 80
5 10 24 37 40 50 60 70 80
3 14 20 30 40 52 60 70 80
8 13 23 37 48 51 65 75 84 89
0 15 26 30 47 51 65 75 80 89
0 11 27 39 49 56 67 76 80 89
5 10 20 30 40 50 63 70 80
7 17 25 39 45 51 66 74 81 89
1 10 20 30 40 50 60 70 80
4 15 26 35 46 51 62 77 83 89
5 10 20 30 48 50 62 70 80
0 10 25 30 40 50 63 70 80
6 10 20 30 40 50 60 70 80
0 13 22 34 47 51 60 77 84 89
1 10 20 30 40 50 63 71 80
1 10 20 30 42 50 63 70 80
0 10 20 30 40 52 60 75 80
3 10 20 30 40 50 63 70 80
1 10 20 30 40 50 62 70 80
3 10 24 30 40 50 63 70 80
5 10 20 30 43 63 70 80
1 10 20 30 40 50 62 70 80
6 10 20 30 40 50 62 70 80
9 17 26 35 45 57 64 75 84 89
5 10 20 30 40 57 62 70 80
6 10 20 30 40 50 63 70 80
5 10 25 30 40 63 70 80
1 11 26 37 44 58 64 70 80 89
5 10 20 30 42 52 63 70 80
1 10 20 32 47 50 65 79 80
4 12 28 35 48 51 66 79 85 89
5 10 20 30 43 50 60 70 80
7 14 21 30 44 51 65 73 84 89
8 13 22 36 45 57 67 76 80 89
3 10 20 30 40 54 62 70 80
5 10 20 30 40 50 62 70 80
0 17 26 36 42 51 60 70 80 89
5 14 24 30 40 50 63 70 80
6 10 20 30 40 50 60 70 80
5 10 24 30 42 62 70 80
9 19 23 32 44 51 66 76 88 89
8 16 28 35 46 51 65 72 83 89
3 10 20 30 40 50 60 71 80
1 10 20 30 40 50 60 70 80
5 10 20 37 43 54 62 70 85
0 10 20 30 40 60 70 80
3 10 20 30 40 52 60 71 80
0 18 28 33 47 51 60 76 84 89
8 12 23 34 44 50 60 70 86 89
1 10 20 30 40 50 60 70 80
5 10 20 37 43 50 62 70 80
1 10 20 30 40 50 62 70 80
5 10 20 30 40 50 60 70 80
5 10 20 30 40 50 63 70 80
2 13 23 34 47 51 69 76 85 89
4 18 26 35 42 51 68 70 80 89
0 12 28 39 48 51 65 72 80 89
6 10 20 30 40 50 60 70 80
0 13 23 32 47 50 65 76 84 89
3 10 20 30 40 50 60 70 80
0 15 25 32 44 51 60 70 80 89
5 10 20 30 43 50 60 70 80
5 10 20 30 40 50 62 70 80
2 10 20 30 40 50 60 70 80
0 12 22 33 46 51 66 79 80 89
4 16 27 35 45 51 65 70 80 89
6 10 20 30 43 50 60 70 80
5 17 22 36 46 58 66 76 80 89
8 17 27 34 44 51 66 72 86 89
0 12 21 34 46 58 61 76 80 89
5 14 25 30 40 50 60 70 80
8 13 23 33 44 58 66 76 80 89
7 17 23 34 48 51 64 76 84 89
0 10 20 30 40 50 63 70 80
5 10 20 30 40 50 60 70 80
1 10 20 30 40 50 60 70 80
3 10 20 30 40 50 60 70 80
4 11 21 31 45 56 66 79 83
0 10 20 35 40 50 60 70 80
5 10 20 30 40 50 62 70 80
1 10 20 30 40 50 63 70 80
9 16 28 31 46 51 66 79 84 89
8 12 22 35 48 51 67 70 80 89
5 10 20 30 40 50 60 70 80
0 10 20 30 40 50 60 70 80
5 10 20 30 40 50 60 70 80
0 13 23 38 44 51 66 76 81 89
8 13 29 32 41 57 60 74 80 89
5 10 20 30 43 50 60 70 80
5 10 20 30 43 50 60 70 80
0 10 20 30 43 50 60 70 80
4 13 23 34 46 51 67 76 88 89
4 13 22 33 45 58 66 72 80 89
5 10 20 30 40 50 60 70 80
8 13 23 34 41 51 66 76 82 89
8 13 23 34 42 51 69 77 80 89
4 16 22 39 46 57 65 76 83 89
5 10 20 30 40 50 63 70 80
5 10 20 30 40 50 60 70 80
2 13 28 39 44 53 67 76 83 89
2 10 25 30 40 50 60 70 80
5 10 20 37 40 50 60 70 80
8 18 21 32 48 51 61 76 80 89
3 10 20 32 43 57 63 70 80 89
7 17 27 32 42 58 66 73 80 89
8 17 26 36 42 51 66 78 83 89
5 10 20 30 40 50 63 70 80
8 17 28 35 45 51 67 78 80 89
4 19 29 31 42 57 66 72 80 89
5 10 20 30 43 50 60 70 80
8 13 23 32 48 51 61 76 80 89
7 11 28 35 42 56 66 77 80 89
2 12 28 31 44 58 67 78 83 89
4 11 27 32 42 50 64 75 80
8 11 26 31 46 51 64 70 80 89
1 15 24 30 42 50 60 77 80
1 10 21 30 40 60 70 80
8 12 22 37 47 51 64 79 86 89
9 12 22 31 44 52 64 76 82 89
4 13 23 33 44 55 60 76 86 89
8 11 25 37 42 51 65 75 83 89
0 10 25 32 40 52 63 75 80
1 10 20 32 43 50 60 70 80
6 10 20 30 40 50 60 70 80
5 10 20 30 40 57 65 70 80
5 10 20 30 40 50 60 70 80
0 10 20 37 40 52 60 70 80
4 13 23 33 46 51 66 79 80 89
4 11 21 30 40 55 60 75 80 89
3 10 20 30 40 50 60 77 80
1 10 20 30 40 60 70 80
5 14 24 30 40 50 62 70 80
8 11 21 34 40 51 65 75 84 89
2 15 25 31 42 51 60 74 84
2 13 23 37 47 51 66 75 84 89
9 13 23 30 48 58 60 75 80 89
0 18 27 37 45 51 60 77 80 89
1 10 20 30 40 50 62 70 80
1 10 20 30 40 50 63 70 80
1 10 20 30 40 50 60 70 80
0 16 28 30 46 58 60 73 80
8 17 22 34 42 51 65 70 84 89
0 13 23 36 48 51 69 77 81 89
4 12 29 35 46 51 66 79 80 89
8 11 21 34 44 51 65 74 80 89
7 19 21 34 48 54 65 75 84 89
0 10 21 30 40 50 60 71 80
8 13 27 32 42 51 64 75 83 89
1 15 26 37 42 51 66 70 80 89
8 12 22 37 42 53 67 72 87 89
5 10 20 30 40 50 60 70 80
4 11 28 30 42 51 60 78 83 89
0 10 20 30 40 50 60 70 80
1 15 26 37 42 51 66 70 80 89
7 14 21 30 42 53 60 75 80 89
1 10 20 30 40 50 60 71 80
1 10 25 30 40 63 70 80
1 10 20 30 40 50 63 70 80
5 10 20 30 40 50 63 70 80
5 10 20 30 40 50 60 70 80
8 17 28 32 42 56 60 75 87 89
1 10 20 30 40 50 60 70 80
6 10 20 37 40 50 60 70 80
5 11 25 34 45 51 65 77 80 89
8 11 27 30 40 51 65 75 80 89
7 11 26 34 40 51 60 79 83 89
4 13 23 34 47 51 69 72 84 89
8 13 23 34 48 51 64 76 86 89
1 10 20 30 42 50 63 70 80
2 10 25 30 45 57 65 76 80 89
0 18 27 33 44 51 64 76 82 89
5 10 20 30 40 50 62 70 80
5 10 20 30 40 50 60 70 80
4 12 22 30 40 68 76 80 89
8 11 21 36 40 51 63 75 80 89
5 10 20 30 40 63 70 80
0 17 28 33 44 51 66 73 80 89
0 15 21 32 45 57 64 72 80
0 11 25 30 40 63 75 80
4 14 20 30 46 50 62 70 80
9 10 24 36 45 51 66 72 83 89
4 11 23 31 45 53 66 76 80 89
5 10 20 30 40 50 60 70 80
8 13 23 39 49 51 66 76 86 89
5 10 20 30 40 50 60 70 80
4 15 21 38 42 51 60 75 80 89
8 12 21 35 45 51 60 76 82 89
5 10 20 30 40 50 60 70 80
5 10 20 30 40 50 60 70 80
7 12 28 36 45 54 67 79 82 89
1 10 20 30 40 57 65 70 80
6 10 20 30 42 50 63 70 80
5 10 20 30 40 50 62 70 80
4 18 21 34 48 50 60 74 80 89
5 10 20 30 40 50 62 70 80
5 10 20 30 43 50 63 70 80
3 18 26 36 41 64 78 80
0 17 26 37 46 51 64 75 80 89
2 12 28 33 44 58 67 78 80 89
5 10 20 30 46 50 60 70 80
3 11 21 35 44 57 66 75 80
7 18 25 37 46 51 66 73 88 89
1 10 20 30 40 60 70 80
1 10 20 30 40 50 60 70 80
0 11 27 34 40 51 64 70 80 89
5 10 20 30 40 50 60 70 80
1 14 24 30 40 50 63 75 80
8 10 20 30 40 51 65 73 80 89
5 10 20 30 40 50 63 70 80
4 13 25 37 44 53 60 76 80 89
8 11 27 35 46 51 66 70 80 89
8 11 28 37 40 58 68 70 80 89
0 10 20 30 40 50 60 70 83
0 14 24 37 40 50 63 71 80
0 11 27 36 45 51 64 75 80 89
4 18 28 32 42 51 60 73 83 89
5 10 20 30 40 50 62 70 80
2 17 26 33 45 51 60 73 80 89
5 10 20 30 40 50 60 70 80
5 10 20 30 43 50 63 70 80
4 17 26 31 40 51 64 75 80 89
8 15 25 30 40 51 66 77 80 89
5 10 20 30 40 50 60 70 80
6 10 20 30 40 50 62 70 80
5 10 20 30 40 50 62 70 80
7 18 21 33 48 51 61 74 84 89
5 10 20 30 40 50 62 70 80
0 14 24 37 42 50 62 75 80
5 10 20 30 43 50 62 75 80
1 11 21 34 46 50 60 75 80 89
3 14 25 31 42 58 66 77 80 89
0 10 20 32 40 50 62 70 80
6 10 20 30 40 50 60 70 80
1 11 26 32 41 54 64 77 80
6 16 23 34 41 51 64 78 82 89
5 10 20 30 40 50 63 70 80
3 10 20 30 42 50 63 71 80
0 15 25 30 42 54 60 75 84 89
4 13 23 39 48 51 66 75 87 89
4 13 26 32 47 53 64 76 84 89
8 15 26 35 42 56 60 74 84 89
2 13 23 34 48 51 67 76 86 89
1 13 25 34 44 51 65 70 82 89
1 14 24 30 45 54 63 70 80
3 11 21 37 40 54 63 70 80
6 10 20 30 40 50 60 70 80
6 10 20 30 40 50 63 70 80
2 13 23 34 47 51 66 76 85 89
0 12 22 34 46 51 67 76 84 89
5 10 25 30 40 50 62 70 80
5 10 25 30 43 50 63 70 80
3 15 24 30 42 50 63 70 80
5 10 25 30 40 50 62 70 80
3 10 24 30 40 50 63 70 80
0 10 20 37 40 50 63 70 80
1 10 24 30 40 50 63 70 80
5 10 20 30 40 50 62 70 80
5 10 20 30 40 50 63 70 80
5 10 20 30 43 50 63 70 80
1 10 20 35 42 50 63 71 80
0 15 21 30 45 50 60 70 80
5 10 20 30 40 50 62 70 80
8 18 25 36 45 51 66 79 82 89
1 14 24 37 40 50 60 71 80
6 10 20 30 40 50 62 70 80
6 10 20 30 40 50 62 70 80
1 15 24 37 42 50 62 71 84
7 18 27 32 40 51 66 70 80 89
0 15 25 37 42 50 60 70 80
6 10 20 30 40 50 63 71 80
0 10 20 30 42 52 63 71 80
5 10 20 37 40 50 63 70 80
8 12 28 35 42 51 66 78 80 89
1 10 20 30 40 50 63 70 80
5 10 20 30 43 50 62 70 80
5 14 25 30 40 50 63 70 80
1 10 20 30 40 50 63 70 80
1 10 20 30 40 50 60 70 80
3 10 20 30 40 50 62 70 80
1 14 20 30 40 50 63 71 80
5 14 25 30 40 50 62 70 80
1 13 22 39 44 55 61 75 87 89
1 10 20 30 40 50 62 70 80
0 15 25 30 40 50 63 70 80
1 10 20 30 40 53 62 70 80
5 14 20 32 40 50 62 71 80
5 10 20 30 40 50 63 70 80
3 14 24 30 40 50 63 70 80
5 10 20 30 40 50 63 70 80
6 15 24 37 40 52 60 70 80
1 10 24 30 40 50 63 70 80
5 10 20 30 40 50 63 70 80
5 10 20 30 43 63 70 80
8 13 23 36 47 53 67 74 80 89
0 10 24 30 40 50 60 70 80
4 17 27 37 42 51 68 77 80 89
1 15 24 36 42 54 60 74 80
4 16 22 31 48 51 66 71 80 89
5 10 20 30 40 50 63 70 80
0 14 24 37 40 52 60 71 83
6 15 20 30 46 50 62 70 80
1 14 24 32 40 54 60 70 80
8 13 23 39 48 51 67 71 80 89
3 15 25 30 40 50 60 75 80
0 10 25 30 40 50 63 70 80
1 10 20 30 40 50 62 70 80
9 13 23 34 48 51 69 76 80 89
0 15 27 30 40 50 62 70 80
4 16 22 37 45 52 65 76 80 89
5 10 20 30 40 50 63 70 80
6 10 20 30 40 50 63 70 80
5 15 20 30 40 50 63 71 80
0 10 20 32 45 50 60 71 80
0 10 20 30 40 50 63 71 80
1 14 24 32 40 50 62 70 80
2 19 28 31 46 58 64 71 80
8 12 23 30 42 51 65 70 80 89
8 13 23 30 44 50 63 79 80 89
3 10 20 30 40 50 62 70 80
3 10 25 32 40 50 62 70 80
0 10 20 30 40 50 62 70 80
8 11 25 34 45 51 69 70 80 89
0 14 24 35 40 53 62 70 80
5 10 20 32 40 54 62 70 80
5 10 20 30 40 52 62 70 80
0 10 20 36 42 50 63 70 80
6 10 20 30 40 50 62 70 80
5 10 20 30 40 50 62 70 80
0 10 20 30 40 50 62 70 80
5 10 20 30 43 50 62 70 80
0 16 29 33 44 51 67 76 80 89
3 10 20 32 43 50 63 70 80
0 10 20 30 40 50 62 70 80
1 10 20 32 40 50 62 70 80
3 17 26 33 44 51 69 72 80 89
6 15 20 30 42 50 62 70 80
8 14 24 30 40 59 62 70 83 89
8 18 26 33 46 51 67 77 80 89
4 12 29 36 44 54 69 76 80 89
0 10 24 30 40 50 62 70 80
0 10 25 30 40 50 62 70 80
0 10 20 32 40 50 62 70 80
1 10 20 30 40 57 62 70 80
2 10 20 32 40 50 62 70 80
3 10 20 30 40 50 62 71 80
3 10 20 30 40 50 62 70 80
8 19 22 39 44 53 66 76 84 89
8 18 27 37 45 51 61 72 80 89
2 18 27 31 45 51 66 77 83 89
3 10 20 30 40 50 62 70 80
5 10 24 30 40 50 63 70 80
1 10 20 30 43 50 63 70 80
2 10 20 32 40 50 62 70 80
2 10 20 30 43 50 62 70 80
3 10 20 30 40 50 62 70 80
0 10 20 30 40 50 62 70 80
1 10 20 30 40 50 62 70 80
3 10 24 30 40 50 62 70 80
3 10 20 30 40 50 62 70 80
0 14 20 30 40 50 62 70 80
3 12 28 34 45 51 66 74 80 89
0 10 20 30 43 50 62 70 80
0 15 24 35 40 50 62 70 80
9 13 23 34 48 57 69 76 86 89
4 16 22 31 46 51 61 76 80 89
0 10 24 30 40 50 62 70 80
5 10 20 32 43 54 62 70 80
1 10 20 30 43 50 63 70 80
8 13 23 34 44 51 67 70 81 89
1 18 21 34 42 54 60 73 80 89
2 15 24 30 42 53 64 70 80 89
5 10 20 30 40 50 62 70 80
0 12 29 35 42 51 66 70 80 89
3 10 20 30 43 50 63 70 80
0 13 23 34 44 51 68 74 83 89
0 10 24 34 45 57 63 70 80
1 10 20 30 43 50 63 70 80
5 10 20 30 43 50 62 70 80
3 14 20 30 40 50 62 70 80
3 10 20 30 40 50 63 70 80
3 10 20 30 40 50 63 70 80
2 10 20 30 40 50 60 70 80
3 10 20 30 40 50 63 70 80
3 10 20 37 40 50 63 70 80
3 10 20 30 40 50 60 70 80
5 10 20 30 40 50 62 70 80
1 15 20 30 40 50 62 70 80
4 13 23 34 41 57 64 79 85 89
5 10 20 30 40 53 62 70 80
0 10 20 30 40 50 62 70 80
6 10 20 30 40 50 62 70 80
5 10 20 30 40 50 62 70 80
0 10 20 30 40 50 63 70 80
0 10 20 30 40 50 62 70 80
1 10 20 30 43 50 63 70 80
2 18 28 34 42 51 67 76 83 89
3 13 21 39 42 51 61 76 80 89
5 10 20 30 43 50 62 70 80
5 10 20 30 43 50 63 70 80
1 10 24 37 40 50 62 70 80
3 16 22 32 45 51 61 70 80 89
5 10 20 30 42 50 62 70 80
3 10 20 30 42 50 62 70 80
8 11 26 35 42 57 66 75 80 89
7 17 27 34 45 51 65 75 80 89
1 10 20 30 40 50 63 70 80
1 10 20 37 40 50 62 70 80
3 10 20 30 40 50 62 70 80
3 10 20 30 40 50 60 70 80
2 10 25 37 40 50 62 70 80
3 10 20 30 43 50 63 70 80
7 11 21 32 45 51 68 78 80 89
3 14 24 30 40 50 63 70 80
5 10 20 30 43 50 60 70 80
1 10 20 30 40 50 63 70 80
6 10 20 30 40 50 63 70 80
5 10 25 37 40 50 60 70 80
0 10 20 30 40 50 60 70 80
0 10 24 30 40 50 60 70 80
3 10 20 30 40 50 63 70 80
2 10 20 30 40 50 63 70 80
0 10 20 30 40 52 63 70 80
1 10 20 30 40 50 62 70 80
0 15 20 30 40 50 62 70 80
3 10 20 30 40 50 63 70 80
6 10 25 37 40 50 63 70 80
0 10 20 30 40 50 63 70 80
2 13 23 34 45 51 66 76 80 89
6 10 20 30 43 50 62 70 80
1 10 20 30 43 50 62 70 80
7 12 25 39 45 57 66 79 83 89
1 10 20 30 40 50 63 70 80
5 10 20 30 40 50 60 70 80
1 14 24 37 40 50 64 71 80
3 11 24 30 40 57 63 70 83
1 10 20 30 40 50 62 70 80
3 15 20 30 40 50 64 79 80
0 14 24 37 43 50 63 70 80
0 10 20 32 40 50 62 70 80
6 10 20 30 40 50 63 70 80
0 10 20 30 40 50 63 70 80
0 10 20 30 40 50 60 70 80
0 10 20 30 40 50 60 70 80
5 10 20 30 40 50 60 70 80
1 10 20 30 40 50 63 70 80
3 10 20 30 40 50 60 71 80
0 16 23 34 46 51 69 76 80 89
1 10 24 30 40 50 60 70 80
3 10 20 30 40 54 63 70 80
4 11 21 30 44 51 63 74 83 89
8 13 22 34 44 57 69 75 80 89
4 13 21 35 47 51 67 71 80 89
7 18 23 31 42 51 61 76 83 89
1 10 20 30 40 50 63 70 80
5 10 20 30 40 50 63 70 80
8 19 28 32 45 52 66 72 80 89
0 10 24 30 40 50 60 70 80
0 10 20 30 40 50 63 70 80
5 10 20 30 40 50 63 70 80
5 10 20 30 40 50 63 70 80
5 10 20 30 40 50 60 70 80
0 10 24 30 40 50 63 70 80
0 16 23 36 46 51 66 74 80 89
2 13 26 31 45 51 68 76 80 89
1 10 20 30 40 50 62 70 80
0 10 20 36 42 50 62 70 80
5 10 20 30 40 50 62 70 80
4 13 23 34 44 51 69 76 80 89
0 10 20 30 40 50 63 71 80
9 12 22 38 44 54 64 70 80 89
0 10 20 30 40 50 62 70 80
3 13 22 31 45 50 69 70 80 89
6 17 28 36 45 51 66 77 80 89
8 15 21 31 42 51 64 70 80 89
0 10 24 30 40 50 62 70 80
3 12 27 32 45 51 66 70 80 89
0 10 20 30 40 50 63 70 80
3 10 24 30 40 50 63 70 80
0 10 25 30 40 50 60 70 80
1 10 20 30 40 50 63 70 80
0 14 21 30 43 50 62 70 80
1 10 20 30 40 50 63 70 80
5 10 20 30 43 50 63 70 80
3 10 20 30 40 50 63 70 80
0 11 27 33 45 50 67 76 80 89
0 15 24 33 46 51 67 70 83 89
8 17 23 32 46 58 66 79 84 89
3 10 20 37 40 50 62 70 80
5 10 20 30 40 50 62 70 80
0 13 23 34 48 51 69 70 80 89
0 10 20 30 40 50 62 70 80
8 11 25 34 42 51 66 70 83 89
0 13 23 34 46 52 67 74 80 89
4 13 23 34 44 51 69 76 86 89
6 15 20 30 40 50 63 70 80
6 10 20 30 43 50 63 70 80
3 10 25 30 40 50 63 70 80
1 10 20 30 40 50 63 70 80
5 10 20 30 43 62 70 80
3 10 20 30 40 50 63 70 80
0 10 20 30 40 50 63 70 80
1 10 20 30 40 50 63 70 80
2 15 25 32 42 52 68 70 80
7 10 24 32 40 50 63 70 80
5 10 20 30 40 50 62 70 80
0 10 20 37 43 50 63 70 80
1 10 25 30 42 53 62 70 80
3 18 27 31 41 59 66 72 84 89
6 10 20 30 40 57 62 70 80
6 10 20 30 40 50 62 70 80
3 10 20 30 40 50 62 70 80
2 14 25 30 40 50 62 70 80
0 10 20 30 40 50 63 70 80
5 10 20 30 40 50 62 70 80
4 16 21 35 46 54 65 76 80 89
1 10 20 30 40 50 62 70 80
1 10 21 30 40 50 62 70 80
8 13 28 33 41 50 69 76 84 89
3 14 21 32 40 52 63 70 80
3 10 20 30 40 50 62 70 80
0 10 20 32 40 50 62 70 80
3 10 20 32 40 50 62 70 80
1 10 20 30 40 50 63 70 80
1 10 20 30 40 50 63 70 80
5 10 20 30 40 50 62 70 80
6 10 20 30 40 50 62 70 80
1 10 20 30 40 50 63 70 80
5 14 24 30 40 50 62 70 80
5 10 20 32 40 50 62 70 80
0 13 23 34 48 52 69 76 86 89
1 10 20 30 40 50 63 70 80
1 10 20 37 42 53 62 70 80
5 14 20 32 40 50 63 70 80
0 10 20 30 40 50 63 71 80
3 10 20 30 40 50 63 70 80
1 10 20 30 40 50 60 70 80
1 10 20 30 40 50 63 70 80
0 10 20 30 40 50 63 70 80
0 11 26 30 47 50 60 77 80
7 12 22 39 42 51 66 71 84 89
5 10 20 30 40 50 62 70 80
5 10 20 30 40 50 63 70 80
3 10 20 30 40 50 60 70 80
5 10 25 30 40 50 63 70 80
5 10 25 30 40 50 63 70 80
1 10 20 32 40 50 63 70 80
5 10 20 30 40 50 62 70 80
0 14 24 37 40 50 62 70 83
1 10 20 30 40 50 60 70 80
0 16 21 30 44 50 66 76 84 89
0 13 23 33 46 57 66 76 80 89
1 13 28 33 46 58 66 73 80 89
1 14 20 37 40 50 60 70 80
6 10 20 30 40 50 60 70 80
0 15 24 30 42 50 62 70 80
5 10 20 30 40 50 63 70 80
3 10 21 30 40 50 62 70 80
5 10 24 30 40 50 63 70 80
0 10 20 30 40 50 62 70 80
5 10 20 30 40 50 62 70 80
6 10 20 30 40 50 62 70 80
8 13 23 34 46 51 69 76 85 89
0 13 23 34 45 51 65 77 84 89
0 10 20 30 40 50 60 71 80
5 10 20 30 40 50 62 70 80
5 10 20 30 40 50 62 70 80
5 10 20 30 40 50 62 70 80
5 10 20 30 40 50 62 70 80
1 10 20 30 40 50 63 75 80
3 10 20 30 40 50 62 70 80
5 10 20 30 40 50 62 70 87
5 10 20 32 40 50 62 70 80
0 13 23 31 45 57 64 73 80 89
1 10 20 30 40 50 62 70 80
1 10 20 30 40 50 63 70 83
1 10 20 30 42 52 62 70 80
6 10 20 30 40 50 62 70 80
0 13 23 32 41 54 67 76 83 89
3 12 27 35 42 53 69 77 80 89
3 12 22 31 45 57 69 73 80 89
