0 4 8 12 15 18 21
0 4 8 12 15 19 21
0 4 8 12 15 20 21
0 4 8 12 16 18 21
0 4 8 12 16 19 21
0 4 8 12 16 20 21
0 4 8 12 17 18 21
0 4 8 12 17 19 21
0 4 8 12 17 20 21
0 4 8 13 15 18 21
0 4 8 13 15 19 21
0 4 8 13 15 20 21
0 4 8 13 16 18 21
0 4 8 13 16 19 21
0 4 8 13 16 20 21
0 4 8 13 17 18 21
0 4 8 13 17 19 21
0 4 8 13 17 20 21
0 4 8 14 15 18 21
0 4 8 14 15 19 21
0 4 8 14 15 20 21
0 4 8 14 16 18 21
0 4 8 14 16 19 21
0 4 8 14 16 20 21
0 4 8 14 17 18 21
0 4 8 14 17 19 21
0 4 8 14 17 20 21
0 4 9 12 15 18 21
0 4 9 12 15 19 21
0 4 9 12 15 20 21
0 4 9 12 16 18 21
0 4 9 12 16 19 21
0 4 9 12 16 20 21
0 4 9 12 17 18 21
0 4 9 12 17 19 21
0 4 9 12 17 20 21
0 4 9 13 15 18 21
0 4 9 13 15 19 21
0 4 9 13 15 20 21
0 4 9 13 16 18 21
0 4 9 13 16 19 21
0 4 9 13 16 20 21
0 4 9 13 17 18 21
0 4 9 13 17 19 21
0 4 9 13 17 20 21
0 4 9 14 15 18 21
0 4 9 14 15 19 21
0 4 9 14 15 20 21
0 4 9 14 16 18 21
0 4 9 14 16 19 21
0 4 9 14 16 20 21
0 4 9 14 17 18 21
0 4 9 14 17 19 21
0 4 9 14 17 20 21
0 4 10 12 15 18 21
0 4 10 12 15 19 21
0 4 10 12 15 20 21
0 4 10 12 16 18 21
0 4 10 12 16 19 21
0 4 10 12 16 20 21
0 4 10 12 17 18 21
0 4 10 12 17 19 21
0 4 10 12 17 20 21
0 4 10 13 15 18 21
0 4 10 13 15 19 21
0 4 10 13 15 20 21
0 4 10 13 16 18 21
0 4 10 13 16 19 21
0 4 10 13 16 20 21
0 4 10 13 17 18 21
0 4 10 13 17 19 21
0 4 10 13 17 20 21
0 4 10 14 15 18 21
0 4 10 14 15 19 21
0 4 10 14 15 20 21
0 4 10 14 16 18 21
0 4 10 14 16 19 21
0 4 10 14 16 20 21
0 4 10 14 17 18 21
0 4 10 14 17 19 21
0 4 10 14 17 20 21
0 4 11 12 15 18 21
0 4 11 12 15 19 21
0 4 11 12 15 20 21
0 4 11 12 16 18 21
0 4 11 12 16 19 21
0 4 11 12 16 20 21
0 4 11 12 17 18 21
0 4 11 12 17 19 21
0 4 11 12 17 20 21
0 4 11 13 15 18 21
0 4 11 13 15 19 21
0 4 11 13 15 20 21
0 4 11 13 16 18 21
0 4 11 13 16 19 21
0 4 11 13 16 20 21
0 4 11 13 17 18 21
0 4 11 13 17 19 21
0 4 11 13 17 20 21
0 4 11 14 15 18 21
0 4 11 14 15 19 21
0 4 11 14 15 20 21
0 4 11 14 16 18 21
0 4 11 14 16 19 21
0 4 11 14 16 20 21
0 4 11 14 17 18 21
0 4 11 14 17 19 21
0 4 11 14 17 20 21
0 5 8 12 15 18 21
0 5 8 12 15 19 21
0 5 8 12 15 20 21
0 5 8 12 16 18 21
0 5 8 12 16 19 21
0 5 8 12 16 20 21
0 5 8 12 17 18 21
0 5 8 12 17 19 21
0 5 8 12 17 20 21
0 5 8 13 15 18 21
0 5 8 13 15 19 21
0 5 8 13 15 20 21
0 5 8 13 16 18 21
0 5 8 13 16 19 21
0 5 8 13 16 20 21
0 5 8 13 17 18 21
0 5 8 13 17 19 21
0 5 8 13 17 20 21
0 5 8 14 15 18 21
0 5 8 14 15 19 21
0 5 8 14 15 20 21
0 5 8 14 16 18 21
0 5 8 14 16 19 21
0 5 8 14 16 20 21
0 5 8 14 17 18 21
0 5 8 14 17 19 21
0 5 8 14 17 20 21
0 5 9 12 15 18 21
0 5 9 12 15 19 21
0 5 9 12 15 20 21
0 5 9 12 16 18 21
0 5 9 12 16 19 21
0 5 9 12 16 20 21
0 5 9 12 17 18 21
0 5 9 12 17 19 21
0 5 9 12 17 20 21
0 5 9 13 15 18 21
0 5 9 13 15 19 21
0 5 9 13 15 20 21
0 5 9 13 16 18 21
0 5 9 13 16 19 21
0 5 9 13 16 20 21
0 5 9 13 17 18 21
0 5 9 13 17 19 21
0 5 9 13 17 20 21
0 5 9 14 15 18 21
0 5 9 14 15 19 21
0 5 9 14 15 20 21
0 5 9 14 16 18 21
0 5 9 14 16 19 21
0 5 9 14 16 20 21
0 5 9 14 17 18 21
0 5 9 14 17 19 21
0 5 9 14 17 20 21
0 5 10 12 15 18 21
0 5 10 12 15 19 21
0 5 10 12 15 20 21
0 5 10 12 16 18 21
0 5 10 12 16 19 21
0 5 10 12 16 20 21
0 5 10 12 17 18 21
0 5 10 12 17 19 21
0 5 10 12 17 20 21
0 5 10 13 15 18 21
0 5 10 13 15 19 21
0 5 10 13 15 20 21
0 5 10 13 16 18 21
0 5 10 13 16 19 21
0 5 10 13 16 20 21
0 5 10 13 17 18 21
0 5 10 13 17 19 21
0 5 10 13 17 20 21
0 5 10 14 15 18 21
0 5 10 14 15 19 21
0 5 10 14 15 20 21
0 5 10 14 16 18 21
0 5 10 14 16 19 21
0 5 10 14 16 20 21
0 5 10 14 17 18 21
0 5 10 14 17 19 21
0 5 10 14 17 20 21
0 5 11 12 15 18 21
0 5 11 12 15 19 21
0 5 11 12 15 20 21
0 5 11 12 16 18 21
0 5 11 12 16 19 21
0 5 11 12 16 20 21
0 5 11 12 17 18 21
0 5 11 12 17 19 21
0 5 11 12 17 20 21
0 5 11 13 15 18 21
0 5 11 13 15 19 21
0 5 11 13 15 20 21
0 5 11 13 16 18 21
0 5 11 13 16 19 21
0 5 11 13 16 20 21
0 5 11 13 17 18 21
0 5 11 13 17 19 21
0 5 11 13 17 20 21
0 5 11 14 15 18 21
0 5 11 14 15 19 21
0 5 11 14 15 20 21
0 5 11 14 16 18 21
0 5 11 14 16 19 21
0 5 11 14 16 20 21
0 5 11 14 17 18 21
0 5 11 14 17 19 21
0 5 11 14 17 20 21
0 6 8 12 15 18 21
0 6 8 12 15 19 21
0 6 8 12 15 20 21
0 6 8 12 16 18 21
0 6 8 12 16 19 21
0 6 8 12 16 20 21
0 6 8 12 17 18 21
0 6 8 12 17 19 21
0 6 8 12 17 20 21
0 6 8 13 15 18 21
0 6 8 13 15 19 21
0 6 8 13 15 20 22
0 6 8 13 16 18 21
0 6 8 13 16 19 21
0 6 8 13 16 20 22
0 6 8 13 17 18 21
0 6 8 13 17 19 22
0 6 8 13 17 20 22
0 6 8 14 15 18 21
0 6 8 14 15 19 21
0 6 8 14 15 20 21
0 6 8 14 16 18 21
0 6 8 14 16 19 21
0 6 8 14 16 20 22
0 6 8 14 17 18 21
0 6 8 14 17 19 22
0 6 8 14 17 20 22
0 6 9 12 15 18 21
0 6 9 12 15 19 21
0 6 9 12 15 20 21
0 6 9 12 16 18 21
0 6 9 12 16 19 21
0 6 9 12 16 20 21
0 6 9 12 17 18 21
0 6 9 12 17 19 21
0 6 9 12 17 20 21
0 6 9 13 15 18 21
0 6 9 13 15 19 21
0 6 9 13 15 20 22
0 6 9 13 16 18 21
0 6 9 13 16 19 21
0 6 9 13 16 20 22
0 6 9 13 17 18 21
0 6 9 13 17 19 22
0 6 9 13 17 20 22
0 6 9 14 15 18 21
0 6 9 14 15 19 21
0 6 9 14 15 20 22
0 6 9 14 16 18 21
0 6 9 14 16 19 22
0 6 9 14 16 20 22
0 6 9 14 17 18 21
0 6 9 14 17 19 22
0 6 9 14 17 20 22
0 6 10 12 15 18 21
0 6 10 12 15 19 21
0 6 10 12 15 20 21
0 6 10 12 16 18 21
0 6 10 12 16 19 21
0 6 10 12 16 20 21
0 6 10 12 17 18 21
0 6 10 12 17 19 21
0 6 10 12 17 20 21
0 6 10 13 15 18 21
0 6 10 13 15 19 21
0 6 10 13 15 20 22
0 6 10 13 16 18 21
0 6 10 13 16 19 22
0 6 10 13 16 20 22
0 6 10 13 17 18 21
0 6 10 13 17 19 22
0 6 10 13 17 20 22
0 6 10 14 15 18 21
0 6 10 14 15 19 21
0 6 10 14 15 20 22
0 6 10 14 16 18 21
0 6 10 14 16 19 22
0 6 10 14 16 20 22
0 6 10 14 17 18 21
0 6 10 14 17 19 22
0 6 10 14 17 20 22
0 6 11 12 15 18 21
0 6 11 12 15 19 21
0 6 11 12 15 20 21
0 6 11 12 16 18 21
0 6 11 12 16 19 21
0 6 11 12 16 20 21
0 6 11 12 17 18 21
0 6 11 12 17 19 21
0 6 11 12 17 20 21
0 6 11 13 15 18 21
0 6 11 13 15 19 21
0 6 11 13 15 20 22
0 6 11 13 16 18 21
0 6 11 13 16 19 22
0 6 11 13 16 20 22
0 6 11 13 17 18 21
0 6 11 13 17 19 22
0 6 11 13 17 20 22
0 6 11 14 15 18 21
0 6 11 14 15 19 21
0 6 11 14 15 20 22
0 6 11 14 16 18 21
0 6 11 14 16 19 22
0 6 11 14 16 20 22
0 6 11 14 17 18 21
0 6 11 14 17 19 22
0 6 11 14 17 20 22
0 7 8 12 15 18 21
0 7 8 12 15 19 21
0 7 8 12 15 20 21
0 7 8 12 16 18 21
0 7 8 12 16 19 21
0 7 8 12 16 20 21
0 7 8 12 17 18 21
0 7 8 12 17 19 21
0 7 8 12 17 20 21
0 7 8 13 15 18 21
0 7 8 13 15 19 21
0 7 8 13 15 20 22
0 7 8 13 16 18 21
0 7 8 13 16 19 21
0 7 8 13 16 20 22
0 7 8 13 17 18 21
0 7 8 13 17 19 22
0 7 8 13 17 20 22
0 7 8 14 15 18 21
0 7 8 14 15 19 21
0 7 8 14 15 20 21
0 7 8 14 16 18 21
0 7 8 14 16 19 21
0 7 8 14 16 20 22
0 7 8 14 17 18 21
0 7 8 14 17 19 22
0 7 8 14 17 20 22
0 7 9 12 15 18 21
0 7 9 12 15 19 21
0 7 9 12 15 20 21
0 7 9 12 16 18 21
0 7 9 12 16 19 21
0 7 9 12 16 20 21
0 7 9 12 17 18 21
0 7 9 12 17 19 21
0 7 9 12 17 20 21
0 7 9 13 15 18 21
0 7 9 13 15 19 21
0 7 9 13 15 20 22
0 7 9 13 16 18 21
0 7 9 13 16 19 21
0 7 9 13 16 20 22
0 7 9 13 17 18 21
0 7 9 13 17 19 22
0 7 9 13 17 20 22
0 7 9 14 15 18 21
0 7 9 14 15 19 21
0 7 9 14 15 20 22
0 7 9 14 16 18 21
0 7 9 14 16 19 22
0 7 9 14 16 20 22
0 7 9 14 17 18 21
0 7 9 14 17 19 22
0 7 9 14 17 20 22
0 7 10 12 15 18 21
0 7 10 12 15 19 21
0 7 10 12 15 20 21
0 7 10 12 16 18 21
0 7 10 12 16 19 21
0 7 10 12 16 20 21
0 7 10 12 17 18 21
0 7 10 12 17 19 21
0 7 10 12 17 20 21
0 7 10 13 15 18 21
0 7 10 13 15 19 21
0 7 10 13 15 20 22
0 7 10 13 16 18 21
0 7 10 13 16 19 22
0 7 10 13 16 20 22
0 7 10 13 17 18 21
0 7 10 13 17 19 22
0 7 10 13 17 20 22
0 7 10 14 15 18 21
0 7 10 14 15 19 21
0 7 10 14 15 20 22
0 7 10 14 16 18 21
0 7 10 14 16 19 22
0 7 10 14 16 20 22
0 7 10 14 17 18 21
0 7 10 14 17 19 22
0 7 10 14 17 20 22
0 7 11 12 15 18 21
0 7 11 12 15 19 21
0 7 11 12 15 20 21
0 7 11 12 16 18 21
0 7 11 12 16 19 21
0 7 11 12 16 20 21
0 7 11 12 17 18 21
0 7 11 12 17 19 21
0 7 11 12 17 20 21
0 7 11 13 15 18 21
0 7 11 13 15 19 21
0 7 11 13 15 20 22
0 7 11 13 16 18 21
0 7 11 13 16 19 22
0 7 11 13 16 20 22
0 7 11 13 17 18 21
0 7 11 13 17 19 22
0 7 11 13 17 20 22
0 7 11 14 15 18 21
0 7 11 14 15 19 21
0 7 11 14 15 20 22
0 7 11 14 16 18 21
0 7 11 14 16 19 22
0 7 11 14 16 20 22
0 7 11 14 17 18 21
0 7 11 14 17 19 22
0 7 11 14 17 20 22
1 4 8 12 15 18 21
1 4 8 12 15 19 21
1 4 8 12 15 20 21
1 4 8 12 16 18 21
1 4 8 12 16 19 21
1 4 8 12 16 20 21
1 4 8 12 17 18 21
1 4 8 12 17 19 21
1 4 8 12 17 20 21
1 4 8 13 15 18 21
1 4 8 13 15 19 21
1 4 8 13 15 20 21
1 4 8 13 16 18 21
1 4 8 13 16 19 21
1 4 8 13 16 20 21
1 4 8 13 17 18 21
1 4 8 13 17 19 21
1 4 8 13 17 20 21
1 4 8 14 15 18 21
1 4 8 14 15 19 21
1 4 8 14 15 20 21
1 4 8 14 16 18 21
1 4 8 14 16 19 21
1 4 8 14 16 20 21
1 4 8 14 17 18 21
1 4 8 14 17 19 21
1 4 8 14 17 20 21
1 4 9 12 15 18 21
1 4 9 12 15 19 21
1 4 9 12 15 20 21
1 4 9 12 16 18 21
1 4 9 12 16 19 21
1 4 9 12 16 20 21
1 4 9 12 17 18 21
1 4 9 12 17 19 21
1 4 9 12 17 20 21
1 4 9 13 15 18 21
1 4 9 13 15 19 21
1 4 9 13 15 20 21
1 4 9 13 16 18 21
1 4 9 13 16 19 21
1 4 9 13 16 20 21
1 4 9 13 17 18 21
1 4 9 13 17 19 21
1 4 9 13 17 20 21
1 4 9 14 15 18 21
1 4 9 14 15 19 21
1 4 9 14 15 20 21
1 4 9 14 16 18 21
1 4 9 14 16 19 21
1 4 9 14 16 20 21
1 4 9 14 17 18 21
1 4 9 14 17 19 21
1 4 9 14 17 20 21
1 4 10 12 15 18 21
1 4 10 12 15 19 21
1 4 10 12 15 20 21
1 4 10 12 16 18 21
1 4 10 12 16 19 21
1 4 10 12 16 20 21
1 4 10 12 17 18 21
1 4 10 12 17 19 21
1 4 10 12 17 20 21
1 4 10 13 15 18 21
1 4 10 13 15 19 21
1 4 10 13 15 20 21
1 4 10 13 16 18 21
1 4 10 13 16 19 21
1 4 10 13 16 20 21
1 4 10 13 17 18 21
1 4 10 13 17 19 21
1 4 10 13 17 20 21
1 4 10 14 15 18 21
1 4 10 14 15 19 21
1 4 10 14 15 20 21
1 4 10 14 16 18 21
1 4 10 14 16 19 21
1 4 10 14 16 20 21
1 4 10 14 17 18 21
1 4 10 14 17 19 21
1 4 10 14 17 20 21
1 4 11 12 15 18 21
1 4 11 12 15 19 21
1 4 11 12 15 20 21
1 4 11 12 16 18 21
1 4 11 12 16 19 21
1 4 11 12 16 20 21
1 4 11 12 17 18 21
1 4 11 12 17 19 21
1 4 11 12 17 20 21
1 4 11 13 15 18 21
1 4 11 13 15 19 21
1 4 11 13 15 20 21
1 4 11 13 16 18 21
1 4 11 13 16 19 21
1 4 11 13 16 20 21
1 4 11 13 17 18 21
1 4 11 13 17 19 21
1 4 11 13 17 20 21
1 4 11 14 15 18 21
1 4 11 14 15 19 21
1 4 11 14 15 20 21
1 4 11 14 16 18 21
1 4 11 14 16 19 21
1 4 11 14 16 20 21
1 4 11 14 17 18 21
1 4 11 14 17 19 21
1 4 11 14 17 20 21
1 5 8 12 15 18 21
1 5 8 12 15 19 21
1 5 8 12 15 20 21
1 5 8 12 16 18 21
1 5 8 12 16 19 21
1 5 8 12 16 20 21
1 5 8 12 17 18 21
1 5 8 12 17 19 21
1 5 8 12 17 20 21
1 5 8 13 15 18 21
1 5 8 13 15 19 21
1 5 8 13 15 20 22
1 5 8 13 16 18 21
1 5 8 13 16 19 21
1 5 8 13 16 20 22
1 5 8 13 17 18 21
1 5 8 13 17 19 22
1 5 8 13 17 20 22
1 5 8 14 15 18 21
1 5 8 14 15 19 21
1 5 8 14 15 20 21
1 5 8 14 16 18 21
1 5 8 14 16 19 21
1 5 8 14 16 20 22
1 5 8 14 17 18 21
1 5 8 14 17 19 22
1 5 8 14 17 20 22
1 5 9 12 15 18 21
1 5 9 12 15 19 21
1 5 9 12 15 20 21
1 5 9 12 16 18 21
1 5 9 12 16 19 21
1 5 9 12 16 20 21
1 5 9 12 17 18 21
1 5 9 12 17 19 21
1 5 9 12 17 20 21
1 5 9 13 15 18 21
1 5 9 13 15 19 21
1 5 9 13 15 20 22
1 5 9 13 16 18 21
1 5 9 13 16 19 21
1 5 9 13 16 20 22
1 5 9 13 17 18 21
1 5 9 13 17 19 22
1 5 9 13 17 20 22
1 5 9 14 15 18 21
1 5 9 14 15 19 21
1 5 9 14 15 20 22
1 5 9 14 16 18 21
1 5 9 14 16 19 22
1 5 9 14 16 20 22
1 5 9 14 17 18 21
1 5 9 14 17 19 22
1 5 9 14 17 20 22
1 5 10 12 15 18 21
1 5 10 12 15 19 21
1 5 10 12 15 20 21
1 5 10 12 16 18 21
1 5 10 12 16 19 21
1 5 10 12 16 20 21
1 5 10 12 17 18 21
1 5 10 12 17 19 21
1 5 10 12 17 20 21
1 5 10 13 15 18 21
1 5 10 13 15 19 21
1 5 10 13 15 20 22
1 5 10 13 16 18 21
1 5 10 13 16 19 22
1 5 10 13 16 20 22
1 5 10 13 17 18 21
1 5 10 13 17 19 22
1 5 10 13 17 20 22
1 5 10 14 15 18 21
1 5 10 14 15 19 21
1 5 10 14 15 20 22
1 5 10 14 16 18 21
1 5 10 14 16 19 22
1 5 10 14 16 20 22
1 5 10 14 17 18 21
1 5 10 14 17 19 22
1 5 10 14 17 20 22
1 5 11 12 15 18 21
1 5 11 12 15 19 21
1 5 11 12 15 20 21
1 5 11 12 16 18 21
1 5 11 12 16 19 21
1 5 11 12 16 20 21
1 5 11 12 17 18 21
1 5 11 12 17 19 21
1 5 11 12 17 20 21
1 5 11 13 15 18 21
1 5 11 13 15 19 21
1 5 11 13 15 20 22
1 5 11 13 16 18 21
1 5 11 13 16 19 22
1 5 11 13 16 20 22
1 5 11 13 17 18 21
1 5 11 13 17 19 22
1 5 11 13 17 20 22
1 5 11 14 15 18 21
1 5 11 14 15 19 21
1 5 11 14 15 20 22
1 5 11 14 16 18 21
1 5 11 14 16 19 22
1 5 11 14 16 20 22
1 5 11 14 17 18 21
1 5 11 14 17 19 22
1 5 11 14 17 20 22
1 6 8 12 15 18 21
1 6 8 12 15 19 21
1 6 8 12 15 20 21
1 6 8 12 16 18 21
1 6 8 12 16 19 21
1 6 8 12 16 20 21
1 6 8 12 17 18 21
1 6 8 12 17 19 21
1 6 8 12 17 20 21
1 6 8 13 15 18 21
1 6 8 13 15 19 21
1 6 8 13 15 20 22
1 6 8 13 16 18 21
1 6 8 13 16 19 21
1 6 8 13 16 20 22
1 6 8 13 17 18 21
1 6 8 13 17 19 22
1 6 8 13 17 20 22
1 6 8 14 15 18 21
1 6 8 14 15 19 21
1 6 8 14 15 20 21
1 6 8 14 16 18 21
1 6 8 14 16 19 21
1 6 8 14 16 20 22
1 6 8 14 17 18 21
1 6 8 14 17 19 22
1 6 8 14 17 20 22
1 6 9 12 15 18 21
1 6 9 12 15 19 21
1 6 9 12 15 20 21
1 6 9 12 16 18 21
1 6 9 12 16 19 21
1 6 9 12 16 20 21
1 6 9 12 17 18 21
1 6 9 12 17 19 21
1 6 9 12 17 20 21
1 6 9 13 15 18 21
1 6 9 13 15 19 21
1 6 9 13 15 20 22
1 6 9 13 16 18 21
1 6 9 13 16 19 21
1 6 9 13 16 20 22
1 6 9 13 17 18 21
1 6 9 13 17 19 22
1 6 9 13 17 20 22
1 6 9 14 15 18 21
1 6 9 14 15 19 21
1 6 9 14 15 20 22
1 6 9 14 16 18 21
1 6 9 14 16 19 22
1 6 9 14 16 20 22
1 6 9 14 17 18 21
1 6 9 14 17 19 22
1 6 9 14 17 20 22
1 6 10 12 15 18 21
1 6 10 12 15 19 21
1 6 10 12 15 20 21
1 6 10 12 16 18 21
1 6 10 12 16 19 21
1 6 10 12 16 20 21
1 6 10 12 17 18 21
1 6 10 12 17 19 21
1 6 10 12 17 20 21
1 6 10 13 15 18 21
1 6 10 13 15 19 21
1 6 10 13 15 20 22
1 6 10 13 16 18 21
1 6 10 13 16 19 22
1 6 10 13 16 20 22
1 6 10 13 17 18 21
1 6 10 13 17 19 22
1 6 10 13 17 20 22
1 6 10 14 15 18 21
1 6 10 14 15 19 21
1 6 10 14 15 20 22
1 6 10 14 16 18 21
1 6 10 14 16 19 22
1 6 10 14 16 20 22
1 6 10 14 17 18 21
1 6 10 14 17 19 22
1 6 10 14 17 20 22
1 6 11 12 15 18 21
1 6 11 12 15 19 21
1 6 11 12 15 20 21
1 6 11 12 16 18 21
1 6 11 12 16 19 21
1 6 11 12 16 20 21
1 6 11 12 17 18 21
1 6 11 12 17 19 21
1 6 11 12 17 20 21
1 6 11 13 15 18 21
1 6 11 13 15 19 21
1 6 11 13 15 20 22
1 6 11 13 16 18 21
1 6 11 13 16 19 22
1 6 11 13 16 20 22
1 6 11 13 17 18 21
1 6 11 13 17 19 22
1 6 11 13 17 20 22
1 6 11 14 15 18 21
1 6 11 14 15 19 21
1 6 11 14 15 20 22
1 6 11 14 16 18 21
1 6 11 14 16 19 22
1 6 11 14 16 20 22
1 6 11 14 17 18 21
1 6 11 14 17 19 22
1 6 11 14 17 20 22
1 7 8 12 15 18 21
1 7 8 12 15 19 21
1 7 8 12 15 20 21
1 7 8 12 16 18 21
1 7 8 12 16 19 21
1 7 8 12 16 20 21
1 7 8 12 17 18 21
1 7 8 12 17 19 21
1 7 8 12 17 20 21
1 7 8 13 15 18 21
1 7 8 13 15 19 21
1 7 8 13 15 20 22
1 7 8 13 16 18 21
1 7 8 13 16 19 21
1 7 8 13 16 20 22
1 7 8 13 17 18 21
1 7 8 13 17 19 22
1 7 8 13 17 20 22
1 7 8 14 15 18 21
1 7 8 14 15 19 21
1 7 8 14 15 20 21
1 7 8 14 16 18 21
1 7 8 14 16 19 21
1 7 8 14 16 20 22
1 7 8 14 17 18 21
1 7 8 14 17 19 22
1 7 8 14 17 20 22
1 7 9 12 15 18 21
1 7 9 12 15 19 21
1 7 9 12 15 20 21
1 7 9 12 16 18 21
1 7 9 12 16 19 21
1 7 9 12 16 20 21
1 7 9 12 17 18 21
1 7 9 12 17 19 21
1 7 9 12 17 20 21
1 7 9 13 15 18 21
1 7 9 13 15 19 21
1 7 9 13 15 20 22
1 7 9 13 16 18 21
1 7 9 13 16 19 21
1 7 9 13 16 20 22
1 7 9 13 17 18 21
1 7 9 13 17 19 22
1 7 9 13 17 20 22
1 7 9 14 15 18 21
1 7 9 14 15 19 21
1 7 9 14 15 20 22
1 7 9 14 16 18 21
1 7 9 14 16 19 22
1 7 9 14 16 20 22
1 7 9 14 17 18 21
1 7 9 14 17 19 22
1 7 9 14 17 20 22
1 7 10 12 15 18 21
1 7 10 12 15 19 21
1 7 10 12 15 20 21
1 7 10 12 16 18 21
1 7 10 12 16 19 21
1 7 10 12 16 20 21
1 7 10 12 17 18 21
1 7 10 12 17 19 21
1 7 10 12 17 20 21
1 7 10 13 15 18 21
1 7 10 13 15 19 21
1 7 10 13 15 20 22
1 7 10 13 16 18 21
1 7 10 13 16 19 22
1 7 10 13 16 20 22
1 7 10 13 17 18 21
1 7 10 13 17 19 22
1 7 10 13 17 20 22
1 7 10 14 15 18 21
1 7 10 14 15 19 21
1 7 10 14 15 20 22
1 7 10 14 16 18 21
1 7 10 14 16 19 22
1 7 10 14 16 20 22
1 7 10 14 17 18 21
1 7 10 14 17 19 22
1 7 10 14 17 20 22
1 7 11 12 15 18 21
1 7 11 12 15 19 21
1 7 11 12 15 20 21
1 7 11 12 16 18 21
1 7 11 12 16 19 21
1 7 11 12 16 20 21
1 7 11 12 17 18 21
1 7 11 12 17 19 21
1 7 11 12 17 20 21
1 7 11 13 15 18 21
1 7 11 13 15 19 21
1 7 11 13 15 20 22
1 7 11 13 16 18 21
1 7 11 13 16 19 22
1 7 11 13 16 20 22
1 7 11 13 17 18 21
1 7 11 13 17 19 22
1 7 11 13 17 20 22
1 7 11 14 15 18 21
1 7 11 14 15 19 21
1 7 11 14 15 20 22
1 7 11 14 16 18 21
1 7 11 14 16 19 22
1 7 11 14 16 20 22
1 7 11 14 17 18 21
1 7 11 14 17 19 22
1 7 11 14 17 20 22
2 4 8 12 15 18 21
2 4 8 12 15 19 21
2 4 8 12 15 20 21
2 4 8 12 16 18 21
2 4 8 12 16 19 21
2 4 8 12 16 20 21
2 4 8 12 17 18 21
2 4 8 12 17 19 21
2 4 8 12 17 20 21
2 4 8 13 15 18 21
2 4 8 13 15 19 21
2 4 8 13 15 20 22
2 4 8 13 16 18 21
2 4 8 13 16 19 21
2 4 8 13 16 20 22
2 4 8 13 17 18 21
2 4 8 13 17 19 22
2 4 8 13 17 20 22
2 4 8 14 15 18 21
2 4 8 14 15 19 21
2 4 8 14 15 20 21
2 4 8 14 16 18 21
2 4 8 14 16 19 21
2 4 8 14 16 20 22
2 4 8 14 17 18 21
2 4 8 14 17 19 22
2 4 8 14 17 20 22
2 4 9 12 15 18 21
2 4 9 12 15 19 21
2 4 9 12 15 20 21
2 4 9 12 16 18 21
2 4 9 12 16 19 21
2 4 9 12 16 20 21
2 4 9 12 17 18 21
2 4 9 12 17 19 21
2 4 9 12 17 20 21
2 4 9 13 15 18 21
2 4 9 13 15 19 21
2 4 9 13 15 20 22
2 4 9 13 16 18 21
2 4 9 13 16 19 21
2 4 9 13 16 20 22
2 4 9 13 17 18 21
2 4 9 13 17 19 22
2 4 9 13 17 20 22
2 4 9 14 15 18 21
2 4 9 14 15 19 21
2 4 9 14 15 20 22
2 4 9 14 16 18 21
2 4 9 14 16 19 22
2 4 9 14 16 20 22
2 4 9 14 17 18 21
2 4 9 14 17 19 22
2 4 9 14 17 20 22
2 4 10 12 15 18 21
2 4 10 12 15 19 21
2 4 10 12 15 20 21
2 4 10 12 16 18 21
2 4 10 12 16 19 21
2 4 10 12 16 20 21
2 4 10 12 17 18 21
2 4 10 12 17 19 21
2 4 10 12 17 20 21
2 4 10 13 15 18 21
2 4 10 13 15 19 21
2 4 10 13 15 20 22
2 4 10 13 16 18 21
2 4 10 13 16 19 22
2 4 10 13 16 20 22
2 4 10 13 17 18 21
2 4 10 13 17 19 22
2 4 10 13 17 20 22
2 4 10 14 15 18 21
2 4 10 14 15 19 21
2 4 10 14 15 20 22
2 4 10 14 16 18 21
2 4 10 14 16 19 22
2 4 10 14 16 20 22
2 4 10 14 17 18 21
2 4 10 14 17 19 22
2 4 10 14 17 20 22
2 4 11 12 15 18 21
2 4 11 12 15 19 21
2 4 11 12 15 20 21
2 4 11 12 16 18 21
2 4 11 12 16 19 21
2 4 11 12 16 20 21
2 4 11 12 17 18 21
2 4 11 12 17 19 21
2 4 11 12 17 20 21
2 4 11 13 15 18 21
2 4 11 13 15 19 21
2 4 11 13 15 20 22
2 4 11 13 16 18 21
2 4 11 13 16 19 22
2 4 11 13 16 20 22
2 4 11 13 17 18 21
2 4 11 13 17 19 22
2 4 11 13 17 20 22
2 4 11 14 15 18 21
2 4 11 14 15 19 21
2 4 11 14 15 20 22
2 4 11 14 16 18 21
2 4 11 14 16 19 22
2 4 11 14 16 20 22
2 4 11 14 17 18 21
2 4 11 14 17 19 22
2 4 11 14 17 20 22
2 5 8 12 15 18 21
2 5 8 12 15 19 21
2 5 8 12 15 20 21
2 5 8 12 16 18 21
2 5 8 12 16 19 21
2 5 8 12 16 20 21
2 5 8 12 17 18 21
2 5 8 12 17 19 21
2 5 8 12 17 20 21
2 5 8 13 15 18 21
2 5 8 13 15 19 21
2 5 8 13 15 20 22
2 5 8 13 16 18 21
2 5 8 13 16 19 21
2 5 8 13 16 20 22
2 5 8 13 17 18 21
2 5 8 13 17 19 22
2 5 8 13 17 20 22
2 5 8 14 15 18 21
2 5 8 14 15 19 21
2 5 8 14 15 20 21
2 5 8 14 16 18 21
2 5 8 14 16 19 21
2 5 8 14 16 20 22
2 5 8 14 17 18 21
2 5 8 14 17 19 22
2 5 8 14 17 20 22
2 5 9 12 15 18 21
2 5 9 12 15 19 21
2 5 9 12 15 20 21
2 5 9 12 16 18 21
2 5 9 12 16 19 21
2 5 9 12 16 20 21
2 5 9 12 17 18 21
2 5 9 12 17 19 21
2 5 9 12 17 20 21
2 5 9 13 15 18 21
2 5 9 13 15 19 21
2 5 9 13 15 20 22
2 5 9 13 16 18 21
2 5 9 13 16 19 21
2 5 9 13 16 20 22
2 5 9 13 17 18 21
2 5 9 13 17 19 22
2 5 9 13 17 20 22
2 5 9 14 15 18 21
2 5 9 14 15 19 21
2 5 9 14 15 20 22
2 5 9 14 16 18 21
2 5 9 14 16 19 22
2 5 9 14 16 20 22
2 5 9 14 17 18 21
2 5 9 14 17 19 22
2 5 9 14 17 20 22
2 5 10 12 15 18 21
2 5 10 12 15 19 21
2 5 10 12 15 20 21
2 5 10 12 16 18 21
2 5 10 12 16 19 21
2 5 10 12 16 20 21
2 5 10 12 17 18 21
2 5 10 12 17 19 21
2 5 10 12 17 20 21
2 5 10 13 15 18 21
2 5 10 13 15 19 21
2 5 10 13 15 20 22
2 5 10 13 16 18 21
2 5 10 13 16 19 22
2 5 10 13 16 20 22
2 5 10 13 17 18 21
2 5 10 13 17 19 22
2 5 10 13 17 20 22
2 5 10 14 15 18 21
2 5 10 14 15 19 21
2 5 10 14 15 20 22
2 5 10 14 16 18 21
2 5 10 14 16 19 22
2 5 10 14 16 20 22
2 5 10 14 17 18 21
2 5 10 14 17 19 22
2 5 10 14 17 20 22
2 5 11 12 15 18 21
2 5 11 12 15 19 21
2 5 11 12 15 20 21
2 5 11 12 16 18 21
2 5 11 12 16 19 21
2 5 11 12 16 20 21
2 5 11 12 17 18 21
2 5 11 12 17 19 21
2 5 11 12 17 20 21
2 5 11 13 15 18 21
2 5 11 13 15 19 21
2 5 11 13 15 20 22
2 5 11 13 16 18 21
2 5 11 13 16 19 22
2 5 11 13 16 20 22
2 5 11 13 17 18 21
2 5 11 13 17 19 22
2 5 11 13 17 20 22
2 5 11 14 15 18 21
2 5 11 14 15 19 21
2 5 11 14 15 20 22
2 5 11 14 16 18 21
2 5 11 14 16 19 22
2 5 11 14 16 20 22
2 5 11 14 17 18 21
2 5 11 14 17 19 22
2 5 11 14 17 20 22
2 6 8 12 15 18 21
2 6 8 12 15 19 21
2 6 8 12 15 20 21
2 6 8 12 16 18 21
2 6 8 12 16 19 21
2 6 8 12 16 20 21
2 6 8 12 17 18 21
2 6 8 12 17 19 21
2 6 8 12 17 20 21
2 6 8 13 15 18 21
2 6 8 13 15 19 22
2 6 8 13 15 20 22
2 6 8 13 16 18 21
2 6 8 13 16 19 22
2 6 8 13 16 20 22
2 6 8 13 17 18 21
2 6 8 13 17 19 22
2 6 8 13 17 20 23
2 6 8 14 15 18 21
2 6 8 14 15 19 21
2 6 8 14 15 20 21
2 6 8 14 16 18 21
2 6 8 14 16 19 22
2 6 8 14 16 20 22
2 6 8 14 17 18 21
2 6 8 14 17 19 22
2 6 8 14 17 20 23
2 6 9 12 15 18 21
2 6 9 12 15 19 21
2 6 9 12 15 20 21
2 6 9 12 16 18 21
2 6 9 12 16 19 21
2 6 9 12 16 20 21
2 6 9 12 17 18 21
2 6 9 12 17 19 21
2 6 9 12 17 20 21
2 6 9 13 15 18 21
2 6 9 13 15 19 22
2 6 9 13 15 20 22
2 6 9 13 16 18 21
2 6 9 13 16 19 22
2 6 9 13 16 20 22
2 6 9 13 17 18 21
2 6 9 13 17 19 22
2 6 9 13 17 20 23
2 6 9 14 15 18 21
2 6 9 14 15 19 22
2 6 9 14 15 20 22
2 6 9 14 16 18 21
2 6 9 14 16 19 22
2 6 9 14 16 20 23
2 6 9 14 17 18 21
2 6 9 14 17 19 22
2 6 9 14 17 20 23
2 6 10 12 15 18 21
2 6 10 12 15 19 21
2 6 10 12 15 20 21
2 6 10 12 16 18 21
2 6 10 12 16 19 21
2 6 10 12 16 20 21
2 6 10 12 17 18 21
2 6 10 12 17 19 21
2 6 10 12 17 20 21
2 6 10 13 15 18 21
2 6 10 13 15 19 22
2 6 10 13 15 20 22
2 6 10 13 16 18 21
2 6 10 13 16 19 22
2 6 10 13 16 20 23
2 6 10 13 17 18 21
2 6 10 13 17 19 22
2 6 10 13 17 20 23
2 6 10 14 15 18 21
2 6 10 14 15 19 22
2 6 10 14 15 20 22
2 6 10 14 16 18 21
2 6 10 14 16 19 22
2 6 10 14 16 20 23
2 6 10 14 17 18 21
2 6 10 14 17 19 22
2 6 10 14 17 20 23
2 6 11 12 15 18 21
2 6 11 12 15 19 21
2 6 11 12 15 20 21
2 6 11 12 16 18 21
2 6 11 12 16 19 21
2 6 11 12 16 20 21
2 6 11 12 17 18 21
2 6 11 12 17 19 21
2 6 11 12 17 20 21
2 6 11 13 15 18 21
2 6 11 13 15 19 22
2 6 11 13 15 20 22
2 6 11 13 16 18 21
2 6 11 13 16 19 22
2 6 11 13 16 20 23
2 6 11 13 17 18 21
2 6 11 13 17 19 22
2 6 11 13 17 20 23
2 6 11 14 15 18 21
2 6 11 14 15 19 22
2 6 11 14 15 20 22
2 6 11 14 16 18 21
2 6 11 14 16 19 22
2 6 11 14 16 20 23
2 6 11 14 17 18 21
2 6 11 14 17 19 22
2 6 11 14 17 20 23
2 7 8 12 15 18 21
2 7 8 12 15 19 21
2 7 8 12 15 20 21
2 7 8 12 16 18 21
2 7 8 12 16 19 21
2 7 8 12 16 20 21
2 7 8 12 17 18 21
2 7 8 12 17 19 21
2 7 8 12 17 20 21
2 7 8 13 15 18 21
2 7 8 13 15 19 22
2 7 8 13 15 20 24
2 7 8 13 16 18 21
2 7 8 13 16 19 22
2 7 8 13 16 20 24
2 7 8 13 17 18 21
2 7 8 13 17 19 24
2 7 8 13 17 20 23
2 7 8 14 15 18 21
2 7 8 14 15 19 21
2 7 8 14 15 20 21
2 7 8 14 16 18 21
2 7 8 14 16 19 22
2 7 8 14 16 20 24
2 7 8 14 17 18 21
2 7 8 14 17 19 24
2 7 8 14 17 20 23
2 7 9 12 15 18 21
2 7 9 12 15 19 21
2 7 9 12 15 20 21
2 7 9 12 16 18 21
2 7 9 12 16 19 21
2 7 9 12 16 20 21
2 7 9 12 17 18 21
2 7 9 12 17 19 21
2 7 9 12 17 20 21
2 7 9 13 15 18 21
2 7 9 13 15 19 22
2 7 9 13 15 20 24
2 7 9 13 16 18 21
2 7 9 13 16 19 22
2 7 9 13 16 20 24
2 7 9 13 17 18 21
2 7 9 13 17 19 24
2 7 9 13 17 20 23
2 7 9 14 15 18 21
2 7 9 14 15 19 22
2 7 9 14 15 20 24
2 7 9 14 16 18 21
2 7 9 14 16 19 24
2 7 9 14 16 20 23
2 7 9 14 17 18 21
2 7 9 14 17 19 24
2 7 9 14 17 20 23
2 7 10 12 15 18 21
2 7 10 12 15 19 21
2 7 10 12 15 20 21
2 7 10 12 16 18 21
2 7 10 12 16 19 21
2 7 10 12 16 20 21
2 7 10 12 17 18 21
2 7 10 12 17 19 21
2 7 10 12 17 20 21
2 7 10 13 15 18 21
2 7 10 13 15 19 22
2 7 10 13 15 20 24
2 7 10 13 16 18 21
2 7 10 13 16 19 24
2 7 10 13 16 20 23
2 7 10 13 17 18 21
2 7 10 13 17 19 24
2 7 10 13 17 20 23
2 7 10 14 15 18 21
2 7 10 14 15 19 22
2 7 10 14 15 20 24
2 7 10 14 16 18 21
2 7 10 14 16 19 24
2 7 10 14 16 20 23
2 7 10 14 17 18 21
2 7 10 14 17 19 24
2 7 10 14 17 20 23
2 7 11 12 15 18 21
2 7 11 12 15 19 21
2 7 11 12 15 20 21
2 7 11 12 16 18 21
2 7 11 12 16 19 21
2 7 11 12 16 20 21
2 7 11 12 17 18 21
2 7 11 12 17 19 21
2 7 11 12 17 20 21
2 7 11 13 15 18 21
2 7 11 13 15 19 22
2 7 11 13 15 20 24
2 7 11 13 16 18 21
2 7 11 13 16 19 24
2 7 11 13 16 20 23
2 7 11 13 17 18 21
2 7 11 13 17 19 24
2 7 11 13 17 20 23
2 7 11 14 15 18 21
2 7 11 14 15 19 22
2 7 11 14 15 20 24
2 7 11 14 16 18 21
2 7 11 14 16 19 24
2 7 11 14 16 20 23
2 7 11 14 17 18 21
2 7 11 14 17 19 24
2 7 11 14 17 20 23
3 4 8 12 15 18 21
3 4 8 12 15 19 21
3 4 8 12 15 20 21
3 4 8 12 16 18 21
3 4 8 12 16 19 21
3 4 8 12 16 20 21
3 4 8 12 17 18 21
3 4 8 12 17 19 21
3 4 8 12 17 20 21
3 4 8 13 15 18 21
3 4 8 13 15 19 21
3 4 8 13 15 20 22
3 4 8 13 16 18 21
3 4 8 13 16 19 21
3 4 8 13 16 20 22
3 4 8 13 17 18 21
3 4 8 13 17 19 22
3 4 8 13 17 20 22
3 4 8 14 15 18 21
3 4 8 14 15 19 21
3 4 8 14 15 20 21
3 4 8 14 16 18 21
3 4 8 14 16 19 21
3 4 8 14 16 20 22
3 4 8 14 17 18 21
3 4 8 14 17 19 22
3 4 8 14 17 20 22
3 4 9 12 15 18 21
3 4 9 12 15 19 21
3 4 9 12 15 20 21
3 4 9 12 16 18 21
3 4 9 12 16 19 21
3 4 9 12 16 20 21
3 4 9 12 17 18 21
3 4 9 12 17 19 21
3 4 9 12 17 20 21
3 4 9 13 15 18 21
3 4 9 13 15 19 21
3 4 9 13 15 20 22
3 4 9 13 16 18 21
3 4 9 13 16 19 21
3 4 9 13 16 20 22
3 4 9 13 17 18 21
3 4 9 13 17 19 22
3 4 9 13 17 20 22
3 4 9 14 15 18 21
3 4 9 14 15 19 21
3 4 9 14 15 20 22
3 4 9 14 16 18 21
3 4 9 14 16 19 22
3 4 9 14 16 20 22
3 4 9 14 17 18 21
3 4 9 14 17 19 22
3 4 9 14 17 20 22
3 4 10 12 15 18 21
3 4 10 12 15 19 21
3 4 10 12 15 20 21
3 4 10 12 16 18 21
3 4 10 12 16 19 21
3 4 10 12 16 20 21
3 4 10 12 17 18 21
3 4 10 12 17 19 21
3 4 10 12 17 20 21
3 4 10 13 15 18 21
3 4 10 13 15 19 21
3 4 10 13 15 20 22
3 4 10 13 16 18 21
3 4 10 13 16 19 22
3 4 10 13 16 20 22
3 4 10 13 17 18 21
3 4 10 13 17 19 22
3 4 10 13 17 20 22
3 4 10 14 15 18 21
3 4 10 14 15 19 21
3 4 10 14 15 20 22
3 4 10 14 16 18 21
3 4 10 14 16 19 22
3 4 10 14 16 20 22
3 4 10 14 17 18 21
3 4 10 14 17 19 22
3 4 10 14 17 20 22
3 4 11 12 15 18 21
3 4 11 12 15 19 21
3 4 11 12 15 20 21
3 4 11 12 16 18 21
3 4 11 12 16 19 21
3 4 11 12 16 20 21
3 4 11 12 17 18 21
3 4 11 12 17 19 21
3 4 11 12 17 20 21
3 4 11 13 15 18 21
3 4 11 13 15 19 21
3 4 11 13 15 20 22
3 4 11 13 16 18 21
3 4 11 13 16 19 22
3 4 11 13 16 20 22
3 4 11 13 17 18 21
3 4 11 13 17 19 22
3 4 11 13 17 20 22
3 4 11 14 15 18 21
3 4 11 14 15 19 21
3 4 11 14 15 20 22
3 4 11 14 16 18 21
3 4 11 14 16 19 22
3 4 11 14 16 20 22
3 4 11 14 17 18 21
3 4 11 14 17 19 22
3 4 11 14 17 20 22
3 5 8 12 15 18 21
3 5 8 12 15 19 21
3 5 8 12 15 20 21
3 5 8 12 16 18 21
3 5 8 12 16 19 21
3 5 8 12 16 20 21
3 5 8 12 17 18 21
3 5 8 12 17 19 21
3 5 8 12 17 20 21
3 5 8 13 15 18 21
3 5 8 13 15 19 22
3 5 8 13 15 20 22
3 5 8 13 16 18 21
3 5 8 13 16 19 22
3 5 8 13 16 20 22
3 5 8 13 17 18 21
3 5 8 13 17 19 22
3 5 8 13 17 20 23
3 5 8 14 15 18 21
3 5 8 14 15 19 21
3 5 8 14 15 20 21
3 5 8 14 16 18 21
3 5 8 14 16 19 22
3 5 8 14 16 20 22
3 5 8 14 17 18 21
3 5 8 14 17 19 22
3 5 8 14 17 20 23
3 5 9 12 15 18 21
3 5 9 12 15 19 21
3 5 9 12 15 20 21
3 5 9 12 16 18 21
3 5 9 12 16 19 21
3 5 9 12 16 20 21
3 5 9 12 17 18 21
3 5 9 12 17 19 21
3 5 9 12 17 20 21
3 5 9 13 15 18 21
3 5 9 13 15 19 22
3 5 9 13 15 20 22
3 5 9 13 16 18 21
3 5 9 13 16 19 22
3 5 9 13 16 20 22
3 5 9 13 17 18 21
3 5 9 13 17 19 22
3 5 9 13 17 20 23
3 5 9 14 15 18 21
3 5 9 14 15 19 22
3 5 9 14 15 20 22
3 5 9 14 16 18 21
3 5 9 14 16 19 22
3 5 9 14 16 20 23
3 5 9 14 17 18 21
3 5 9 14 17 19 22
3 5 9 14 17 20 23
3 5 10 12 15 18 21
3 5 10 12 15 19 21
3 5 10 12 15 20 21
3 5 10 12 16 18 21
3 5 10 12 16 19 21
3 5 10 12 16 20 21
3 5 10 12 17 18 21
3 5 10 12 17 19 21
3 5 10 12 17 20 21
3 5 10 13 15 18 21
3 5 10 13 15 19 22
3 5 10 13 15 20 22
3 5 10 13 16 18 21
3 5 10 13 16 19 22
3 5 10 13 16 20 23
3 5 10 13 17 18 21
3 5 10 13 17 19 22
3 5 10 13 17 20 23
3 5 10 14 15 18 21
3 5 10 14 15 19 22
3 5 10 14 15 20 22
3 5 10 14 16 18 21
3 5 10 14 16 19 22
3 5 10 14 16 20 23
3 5 10 14 17 18 21
3 5 10 14 17 19 22
3 5 10 14 17 20 23
3 5 11 12 15 18 21
3 5 11 12 15 19 21
3 5 11 12 15 20 21
3 5 11 12 16 18 21
3 5 11 12 16 19 21
3 5 11 12 16 20 21
3 5 11 12 17 18 21
3 5 11 12 17 19 21
3 5 11 12 17 20 21
3 5 11 13 15 18 21
3 5 11 13 15 19 22
3 5 11 13 15 20 22
3 5 11 13 16 18 21
3 5 11 13 16 19 22
3 5 11 13 16 20 23
3 5 11 13 17 18 21
3 5 11 13 17 19 22
3 5 11 13 17 20 23
3 5 11 14 15 18 21
3 5 11 14 15 19 22
3 5 11 14 15 20 22
3 5 11 14 16 18 21
3 5 11 14 16 19 22
3 5 11 14 16 20 23
3 5 11 14 17 18 21
3 5 11 14 17 19 22
3 5 11 14 17 20 23
3 6 8 12 15 18 21
3 6 8 12 15 19 21
3 6 8 12 15 20 21
3 6 8 12 16 18 21
3 6 8 12 16 19 21
3 6 8 12 16 20 21
3 6 8 12 17 18 21
3 6 8 12 17 19 21
3 6 8 12 17 20 21
3 6 8 13 15 18 21
3 6 8 13 15 19 22
3 6 8 13 15 20 24
3 6 8 13 16 18 21
3 6 8 13 16 19 22
3 6 8 13 16 20 24
3 6 8 13 17 18 21
3 6 8 13 17 19 24
3 6 8 13 17 20 23
3 6 8 14 15 18 21
3 6 8 14 15 19 21
3 6 8 14 15 20 21
3 6 8 14 16 18 21
3 6 8 14 16 19 22
3 6 8 14 16 20 24
3 6 8 14 17 18 21
3 6 8 14 17 19 24
3 6 8 14 17 20 23
3 6 9 12 15 18 21
3 6 9 12 15 19 21
3 6 9 12 15 20 21
3 6 9 12 16 18 21
3 6 9 12 16 19 21
3 6 9 12 16 20 21
3 6 9 12 17 18 21
3 6 9 12 17 19 21
3 6 9 12 17 20 21
3 6 9 13 15 18 21
3 6 9 13 15 19 22
3 6 9 13 15 20 24
3 6 9 13 16 18 21
3 6 9 13 16 19 22
3 6 9 13 16 20 24
3 6 9 13 17 18 21
3 6 9 13 17 19 24
3 6 9 13 17 20 23
3 6 9 14 15 18 21
3 6 9 14 15 19 22
3 6 9 14 15 20 24
3 6 9 14 16 18 21
3 6 9 14 16 19 24
3 6 9 14 16 20 23
3 6 9 14 17 18 21
3 6 9 14 17 19 24
3 6 9 14 17 20 23
3 6 10 12 15 18 21
3 6 10 12 15 19 21
3 6 10 12 15 20 21
3 6 10 12 16 18 21
3 6 10 12 16 19 21
3 6 10 12 16 20 21
3 6 10 12 17 18 21
3 6 10 12 17 19 21
3 6 10 12 17 20 21
3 6 10 13 15 18 21
3 6 10 13 15 19 22
3 6 10 13 15 20 24
3 6 10 13 16 18 21
3 6 10 13 16 19 24
3 6 10 13 16 20 23
3 6 10 13 17 18 21
3 6 10 13 17 19 24
3 6 10 13 17 20 23
3 6 10 14 15 18 21
3 6 10 14 15 19 22
3 6 10 14 15 20 24
3 6 10 14 16 18 21
3 6 10 14 16 19 24
3 6 10 14 16 20 23
3 6 10 14 17 18 21
3 6 10 14 17 19 24
3 6 10 14 17 20 23
3 6 11 12 15 18 21
3 6 11 12 15 19 21
3 6 11 12 15 20 21
3 6 11 12 16 18 21
3 6 11 12 16 19 21
3 6 11 12 16 20 21
3 6 11 12 17 18 21
3 6 11 12 17 19 21
3 6 11 12 17 20 21
3 6 11 13 15 18 21
3 6 11 13 15 19 22
3 6 11 13 15 20 24
3 6 11 13 16 18 21
3 6 11 13 16 19 24
3 6 11 13 16 20 23
3 6 11 13 17 18 21
3 6 11 13 17 19 24
3 6 11 13 17 20 23
3 6 11 14 15 18 21
3 6 11 14 15 19 22
3 6 11 14 15 20 24
3 6 11 14 16 18 21
3 6 11 14 16 19 24
3 6 11 14 16 20 23
3 6 11 14 17 18 21
3 6 11 14 17 19 24
3 6 11 14 17 20 23
3 7 8 12 15 18 21
3 7 8 12 15 19 21
3 7 8 12 15 20 21
3 7 8 12 16 18 21
3 7 8 12 16 19 21
3 7 8 12 16 20 21
3 7 8 12 17 18 21
3 7 8 12 17 19 21
3 7 8 12 17 20 21
3 7 8 13 15 18 21
3 7 8 13 15 19 22
3 7 8 13 15 20 24
3 7 8 13 16 18 21
3 7 8 13 16 19 22
3 7 8 13 16 20 24
3 7 8 13 17 18 21
3 7 8 13 17 19 24
3 7 8 13 17 20 23
3 7 8 14 15 18 21
3 7 8 14 15 19 21
3 7 8 14 15 20 21
3 7 8 14 16 18 21
3 7 8 14 16 19 22
3 7 8 14 16 20 24
3 7 8 14 17 18 21
3 7 8 14 17 19 24
3 7 8 14 17 20 23
3 7 9 12 15 18 21
3 7 9 12 15 19 21
3 7 9 12 15 20 21
3 7 9 12 16 18 21
3 7 9 12 16 19 21
3 7 9 12 16 20 21
3 7 9 12 17 18 21
3 7 9 12 17 19 21
3 7 9 12 17 20 21
3 7 9 13 15 18 21
3 7 9 13 15 19 22
3 7 9 13 15 20 24
3 7 9 13 16 18 21
3 7 9 13 16 19 22
3 7 9 13 16 20 24
3 7 9 13 17 18 21
3 7 9 13 17 19 24
3 7 9 13 17 20 23
3 7 9 14 15 18 21
3 7 9 14 15 19 22
3 7 9 14 15 20 24
3 7 9 14 16 18 21
3 7 9 14 16 19 24
3 7 9 14 16 20 23
3 7 9 14 17 18 21
3 7 9 14 17 19 24
3 7 9 14 17 20 23
3 7 10 12 15 18 21
3 7 10 12 15 19 21
3 7 10 12 15 20 21
3 7 10 12 16 18 21
3 7 10 12 16 19 21
3 7 10 12 16 20 21
3 7 10 12 17 18 21
3 7 10 12 17 19 21
3 7 10 12 17 20 21
3 7 10 13 15 18 21
3 7 10 13 15 19 22
3 7 10 13 15 20 24
3 7 10 13 16 18 21
3 7 10 13 16 19 24
3 7 10 13 16 20 23
3 7 10 13 17 18 21
3 7 10 13 17 19 24
3 7 10 13 17 20 23
3 7 10 14 15 18 21
3 7 10 14 15 19 22
3 7 10 14 15 20 24
3 7 10 14 16 18 21
3 7 10 14 16 19 24
3 7 10 14 16 20 23
3 7 10 14 17 18 21
3 7 10 14 17 19 24
3 7 10 14 17 20 23
3 7 11 12 15 18 21
3 7 11 12 15 19 21
3 7 11 12 15 20 21
3 7 11 12 16 18 21
3 7 11 12 16 19 21
3 7 11 12 16 20 21
3 7 11 12 17 18 21
3 7 11 12 17 19 21
3 7 11 12 17 20 21
3 7 11 13 15 18 21
3 7 11 13 15 19 22
3 7 11 13 15 20 24
3 7 11 13 16 18 21
3 7 11 13 16 19 24
3 7 11 13 16 20 23
3 7 11 13 17 18 21
3 7 11 13 17 19 24
3 7 11 13 17 20 23
3 7 11 14 15 18 21
3 7 11 14 15 19 22
3 7 11 14 15 20 24
3 7 11 14 16 18 21
3 7 11 14 16 19 24
3 7 11 14 16 20 23
3 7 11 14 17 18 21
3 7 11 14 17 19 24
3 7 11 14 17 20 23
