14
4 14
4 6 14
8 14 23
14 25
14 25 31
8 14 23 25
4 10 14
10 14 32
6 10 14
4 6 10 14
8 10 14 23
8 10 14 23 32
8 10 14 21 23 32
4 8 10 14 23 32
4 10 14 25
10 14 25 32
4 6 10 14 25
8 10 14 23 25
8 10 14 23 25 32
8 10 14 21 23 25 32
4 8 10 14 23 25 32
10 15
10 15 32
10 15 21 32
6 10 15
4 6 10 15
8 10 15 23
10 15 25
10 15 25 32
10 15 21 25 32
8 10 15 23 25
10 15 36
10 15 32 36
6 10 15 36
4 6 10 15 36
4 6 10 15 21 36
8 10 15 23 36
10 15 25 32 36
8 10 15 23 25 36
0 10 14 32
0 10 14 25
0 10 14 25 32
0 10 14 25 31
0 4 6 10 14 21 25
0 10 14 32 36
0 10 14 25 36
0 10 14 21 25 36
0 10 14 25 32 36
0 10 16
0 10 15 32
0 6 10 16
0 10 15 25
0 10 15 25 32
0 6 10 15 25
0 10 16 36
0 10 15 25 36
0 10 16 25 36
14 19
14 19 35
4 14 19
4 6 14 19
4 6 14 19 35
14 19 25
14 19 25 35
4 14 19 25
14 19 25 31 35
4 6 14 19 25
4 6 14 19 25 35
14 19 25 34 35
10 14 19 35
10 14 19 32 35
4 10 14 19 32 35
3 4 10 14 19 32 35
4 6 10 14 19 35
10 14 19 25 35
4 10 14 19 25 35
10 14 19 25 32 35
4 6 10 14 19 25 35
10 14 19 32 35 36
10 14 19 32 34 35 36
10 14 19 25 32 35 36
10 14 19 25 32 34 35 36
10 15 19
10 15 19 32 35
10 15 19 21 32
4 6 10 15 19
4 6 10 15 19 35
10 15 19 25
10 15 19 25 32 35
4 6 10 15 19 25 35
8 10 15 19 23 25
6 8 10 15 19 23 25
10 15 19 36
10 15 19 32 35 36
6 10 15 19 36
4 6 10 15 19 35 36
8 10 15 19 23 36
10 15 19 25 36
4 6 7 8 14
4 6 7 8 14 23
6 7 8 10 14
4 6 7 8 10 14
6 7 8 10 14 23
4 6 7 8 10 14 25
6 7 8 10 15
6 7 8 10 15 21
4 6 7 8 10 15
6 7 8 10 15 23
6 7 8 10 15 36
4 6 7 8 14 19 25
4 6 7 8 14 19 25 35
6 7 8 10 14 19 35
4 6 7 8 10 14 19 25 35
6 7 8 10 15 19 35
5 14
5 14 35
3 5 14 35
4 5 14 35
3 4 5 14
3 4 5 14 35
5 6 14 35
4 5 6 14
4 5 6 14 35
5 14 34 35
5 8 14 23
4 5 6 8 14 23
5 14 25
5 14 25 35
2 5 14 25 35
3 5 14 25 35
2 4 5 6 14 25 35
5 14 25 34 35
5 8 14 23 25
5 10 14 32
5 10 14 32 35
3 5 10 14 32
3 5 10 14 32 35
5 6 10 14
4 5 6 10 14
4 5 6 10 14 35
5 6 10 14 21 32
5 8 10 14 23 32
5 8 10 14 23 32 35
5 8 10 14 21 23 32
5 6 8 10 14 23
4 5 6 8 10 14 23 32 35
5 10 14 25 32
5 6 10 14 21 25 32
5 8 10 14 23 25 32
5 6 8 10 14 23 25
5 10 14 32 36
5 10 14 32 35 36
5 6 10 14 36
5 6 10 14 35 36
4 5 6 10 14 36
4 5 6 10 14 35 36
5 6 10 14 21 32 36
5 8 10 14 23 32 36
5 6 8 10 14 23 36
5 6 8 10 14 21 23 36
5 10 14 25 32 36
5 10 15 32
5 10 15 32 35
5 10 15 21 32
5 10 15 21 32 35
5 6 10 15
4 5 6 10 15
4 5 6 10 15 35
5 6 8 10 15 23
5 10 15 25 32
5 10 15 21 25 32
5 6 8 10 15 23 25
5 10 15 32 36
5 10 15 32 35 36
5 6 10 15 36
4 5 6 10 15 36
4 5 6 10 15 35 36
5 6 8 10 15 23 36
5 10 15 25 32 36
0 4 5 10 14 35
0 5 10 14 32
0 5 6 10 14
0 4 5 8 10 14 23
0 4 5 6 8 10 14 23
0 5 10 14 25 32
0 5 6 10 14 25
0 4 5 6 10 14 25
0 5 10 14 32 36
0 5 6 10 14 36
0 5 10 14 25 32 36
0 4 5 10 16 35
0 5 10 15 32
0 5 10 16 32
0 5 6 10 15
0 5 6 10 16
0 5 10 16 25
0 5 10 15 25 32
0 5 6 10 15 25
0 5 6 10 16 25
0 4 5 6 10 15 25
0 5 6 10 15 36
5 14 19
5 14 19 35
3 5 14 19 35
4 5 14 19 35
3 4 5 14 19
5 6 14 19
5 6 14 19 35
4 5 6 14 19
4 5 6 14 19 35
5 14 19 34 35
5 14 19 25
5 14 19 25 35
2 5 14 19 25 35
3 5 14 19 25 35
3 4 5 14 19 25 35
2 4 5 6 14 19 25 35
5 14 19 25 34 35
5 10 14 19 32 35
4 5 6 10 14 19 35
5 10 14 19 25 32 35
3 5 10 14 19 25 32 35
5 6 10 14 19 25 35
4 5 6 10 14 19 25 35
5 8 10 14 19 23 25 32 35
5 10 14 19 32 35 36
5 6 10 14 19 21 35 36
4 5 6 10 14 19 35 36
5 10 14 19 32 34 35 36
5 10 14 19 25 32 35 36
5 6 10 14 19 25 35 36
4 5 6 10 14 19 25 35 36
5 10 14 19 25 32 34 35 36
5 10 15 19 32 35
4 5 6 10 15 19
4 5 6 10 15 19 35
5 6 8 10 15 19 23
5 10 15 19 25 32 35
5 6 10 15 19 25 35
4 5 6 10 15 19 25
4 5 6 10 15 19 25 35
4 5 6 10 15 19 35 36
5 6 10 15 19 25 36
5 6 10 15 19 25 35 36
4 5 6 10 15 19 25 36
0 4 5 10 14 19 35
5 6 7 8 14 35
4 5 6 7 8 14
4 5 6 7 8 14 35
5 6 7 8 14 23
4 5 6 7 8 14 23
5 6 7 8 10 14 35
3 5 6 7 8 10 14 35
5 6 7 8 10 14 23
5 6 7 8 10 14 35 36
5 6 7 8 10 14 23 36
5 6 7 8 10 15 35
5 6 7 8 10 15 23
5 6 7 8 10 15 36
0 4 5 6 7 8 10 14
4 5 6 7 8 14 19 35
5 6 7 8 10 14 19 25 35
0 5 10 14 24 32
14 27
4 14 27
4 6 14 27
8 14 23 27
4 8 14 23 27
14 25 27
4 14 25 27
14 25 27 31
4 6 14 25 27
8 14 23 25 27
4 8 14 23 25 27
6 8 14 23 25 27
14 19 27
14 19 27 35
4 14 19 27
4 6 14 19 27
4 6 14 19 27 35
14 19 27 34 35
1 14 19 27 34 35
8 14 19 23 27
4 8 14 19 23 27
14 19 25 27
14 19 25 27 35
4 14 19 25 27
14 19 25 27 31 35
4 6 14 19 25 27
4 6 14 19 25 27 35
14 19 25 27 34 35
8 14 19 23 25 27
4 6 7 8 14 27
4 6 7 8 14 23 27
4 6 7 8 14 25 27
4 6 7 8 14 19 25 27
14 18 24 27
14 18 24 25 27
5 14 27
5 14 27 35
1 3 5 14 27 35
4 5 14 27
4 5 14 27 35
3 4 5 14 27
3 4 5 14 27 35
4 5 6 14 27
4 5 6 14 27 35
4 5 14 27 34 35
5 8 14 23 27
5 8 14 23 27 35
4 5 8 14 23 27
3 4 5 8 14 23 27
5 6 8 14 23 27
5 6 8 14 23 27 35
4 5 6 8 14 23 27
4 5 6 8 14 23 27 35
5 14 25 27
1 5 14 25 27 35
2 5 6 14 25 27 35
4 5 6 14 25 27
5 8 14 23 25 27
4 5 6 8 14 23 25 27
5 14 19 27
5 14 19 27 35
4 5 14 19 27 35
3 4 5 14 19 27
4 5 6 14 19 27
4 5 6 14 19 27 35
5 14 19 27 34 35
5 8 14 19 23 27
5 6 8 14 19 23 27
5 14 19 25 27
5 14 19 25 27 35
4 5 14 19 25 27 35
3 4 5 14 19 25 27 35
5 14 19 25 27 34 35
4 5 14 19 25 27 34 35
5 8 14 19 23 25 27 35
4 5 6 7 8 14 27
4 5 6 7 8 14 27 35
4 5 6 7 8 14 23 27
4 5 6 7 8 14 25 27
4 5 6 7 8 14 19 27 35
12 14
4 12 14
4 6 12 14
8 12 14 23
4 8 12 14 23
12 14 25
4 12 14 25
12 14 25 31
4 6 12 14 25
8 12 14 23 25
4 8 12 14 23 25
6 8 12 14 23 25
10 12 14
4 10 12 14
3 4 10 12 14
6 10 12 14
4 6 10 12 14
8 10 12 14 23
4 8 10 12 14 23
3 4 8 10 12 14 23
10 12 14 25
10 12 14 25 31
4 6 10 12 14 25
8 10 12 14 23 25
4 8 10 12 14 23 25
6 8 10 12 14 23 25
0 10 12 14
0 10 12 14 25
0 10 12 14 25 31
0 4 6 10 12 14 25
0 10 12 14 36
0 10 12 14 25 36
0 10 12 16
0 6 10 12 16
0 10 12 16 36
4 6 7 8 12 14
4 6 7 8 12 14 23
4 6 7 8 12 14 25
6 7 8 10 12 14
4 6 7 8 10 12 14
6 7 8 10 12 14 23
4 6 7 8 10 12 14 25
6 7 8 10 12 14 23 25
10 12 14 18 24
5 12 14
5 12 14 35
3 5 12 14 35
4 5 12 14
4 5 12 14 35
3 4 5 12 14
3 4 5 12 14 35
5 6 12 14
4 5 6 12 14
5 12 14 34 35
4 5 12 14 34 35
5 8 12 14 23
4 5 8 12 14 23
3 4 5 8 12 14 23
5 6 8 12 14 23
4 5 6 8 12 14 23
5 12 14 25
5 12 14 25 35
2 5 12 14 25 35
3 5 12 14 25 35
4 5 6 12 14 25
2 4 5 6 12 14 25 35
5 12 14 25 34 35
5 8 12 14 23 25
4 5 6 8 12 14 23 25
5 10 12 14
3 5 10 12 14
3 5 10 12 14 35
4 5 10 12 14
5 6 10 12 14
4 5 6 10 12 14
5 8 10 12 14 23
3 5 8 10 12 14 23
4 5 8 10 12 14 23
5 6 8 10 12 14 23
4 5 6 8 10 12 14 23
5 10 12 14 25
5 6 10 12 14 25
4 5 6 10 12 14 25
5 8 10 12 14 23 25
5 6 8 10 12 14 23 25
4 5 6 8 10 12 14 23 25
5 10 12 14 36
5 6 10 12 14 36
4 5 6 10 12 14 36
5 8 10 12 14 23 36
5 6 8 10 12 14 23 36
5 10 12 14 25 36
5 6 10 12 14 25 36
4 5 6 10 12 14 25 36
5 10 12 16
4 5 10 12 16
5 6 10 12 16
4 5 8 10 12 16 23
0 5 10 12 14
0 5 6 10 12 14
0 5 10 12 14 25
0 5 6 10 12 14 25
0 4 5 6 10 12 14 25
0 5 10 12 14 36
0 5 6 10 12 14 36
0 5 10 12 14 25 36
0 5 10 12 16
0 5 6 10 12 16
0 5 10 12 16 25
4 5 12 14 19 25 35
3 4 5 12 14 19 25 35
4 5 12 14 19 25 34 35
3 5 10 12 14 19 25 35
5 6 7 8 12 14
4 5 6 7 8 12 14
4 5 6 7 8 12 14 35
5 6 7 8 12 14 23
4 5 6 7 8 12 14 23
4 5 6 7 8 12 14 25
5 6 7 8 10 12 14
5 6 7 8 10 12 14 23
5 6 7 8 10 12 14 25
5 6 7 8 10 12 14 36
5 6 7 8 10 12 14 25 36
5 12 14 24
5 8 12 14 23 24
5 12 14 24 25
5 10 12 14 24
5 8 10 12 14 23 24
5 10 12 16 24
5 10 12 14 18 24
12 14 27
4 12 14 27
4 6 12 14 27
8 12 14 23 27
4 8 12 14 23 27
12 14 25 27
4 12 14 25 27
12 14 25 27 31
4 6 12 14 25 27
8 12 14 23 25 27
4 8 12 14 23 25 27
6 8 12 14 23 25 27
12 14 18 27
8 12 14 18 23 27
12 14 18 25 27
4 6 7 8 12 14 27
4 6 7 8 12 14 25 27
5 12 14 27
5 12 14 27 35
3 5 12 14 27 35
4 5 12 14 27
4 5 12 14 27 35
3 4 5 12 14 27
3 4 5 12 14 27 35
4 5 6 12 14 27
4 5 12 14 27 34 35
5 8 12 14 23 27
4 5 8 12 14 23 27
5 6 8 12 14 23 27
4 5 6 8 12 14 23 27
5 12 14 25 27
5 12 14 25 27 35
2 5 12 14 25 27 35
3 5 12 14 25 27 35
4 5 6 12 14 25 27
5 8 12 14 23 25 27
4 5 6 8 12 14 23 25 27
4 5 12 14 19 25 27 35
4 5 12 14 19 25 27 34 35
4 5 6 7 8 12 14 27
4 5 6 7 8 12 14 27 35
4 5 6 7 8 12 14 25 27
5 12 14 24 27
5 8 12 14 23 24 27
5 12 14 24 25 27
11 14
8 11 14 23
8 10 11 15 23
10 11 15 36
11 14 19
11 14 19 35
11 14 19 25 35
10 11 15 19
10 11 15 19 36
10 11 15 18
5 11 14
5 8 11 14 23
5 6 10 11 15 36
5 11 14 19
5 11 14 19 35
5 11 14 19 25 35
11 14 27
8 11 14 23 27
11 14 25 27
11 14 25 27 31
8 11 14 23 25 27
11 14 19 27
8 11 14 19 23 27
5 11 14 27
5 8 11 14 23 27
5 11 14 25 27
5 11 14 19 27
11 12 14
8 11 12 14 23
11 12 14 25
5 11 12 14
5 8 11 12 14 23
5 11 12 14 25
11 12 14 27
8 11 12 14 23 27
11 12 14 25 27
5 11 12 14 27
5 8 11 12 14 23 27
5 11 12 14 25 27
14 37
4 6 14 37
14 25 37
14 25 31 37
14 19 37
14 19 35 37
1 14 19 35 37
4 6 14 19 35 37
14 19 34 35 37
14 19 25 37
14 19 25 35 37
14 19 25 31 35 37
14 19 25 34 35 37
4 6 7 8 14 37
4 6 7 8 14 19 35 37
5 14 37
5 14 35 37
5 6 14 35 37
4 5 6 14 37
4 5 6 14 35 37
5 14 25 37
5 14 19 35 37
5 14 19 34 35 37
4 5 14 19 34 35 37
5 14 19 25 37
5 14 19 25 35 37
1 5 14 19 25 35 37
2 5 14 19 25 35 37
3 5 14 19 25 35 37
5 6 14 19 25 35 37
4 5 6 14 19 25 35 37
5 14 19 25 34 35 37
5 6 7 8 14 35 37
4 5 6 7 8 14 37
4 5 6 7 8 14 35 37
5 6 7 8 14 19 25 35 37
14 27 37
4 14 27 37
4 14 27 28 37
4 6 14 27 37
8 14 23 27 37
14 25 27 37
4 14 25 27 37
14 25 27 31 37
4 6 14 25 27 37
8 14 23 25 27 37
14 19 27 37
14 19 27 35 37
4 14 19 27 37
4 6 14 19 27 35 37
14 19 27 34 35 37
14 19 25 27 37
14 19 25 27 35 37
14 19 25 27 34 35 37
4 6 7 8 14 27 37
4 6 7 8 14 25 27 37
5 14 27 37
5 14 27 35 37
3 5 14 27 35 37
3 4 5 14 27 37
3 4 5 14 27 35 37
4 5 6 14 27 37
4 5 6 14 27 35 37
4 5 14 27 34 35 37
5 8 14 23 27 37
5 8 14 23 27 35 37
5 6 8 14 23 27 35 37
5 14 25 27 37
2 5 14 25 27 35 37
3 5 14 25 27 35 37
4 5 6 14 25 27 37
5 8 14 23 25 27 37
5 14 19 27 37
5 14 19 27 35 37
3 4 5 14 19 27 37
5 14 19 27 34 35 37
1 5 14 19 27 34 37
4 5 14 19 27 34 35 37
5 14 19 25 27 37
5 14 19 25 27 35 37
4 5 6 14 19 25 27 35 37
5 14 19 25 27 34 35 37
4 5 14 19 25 27 34 35 37
4 5 6 7 8 14 27 37
12 14 37
4 12 14 37
4 12 14 28 37
4 6 12 14 37
12 14 25 37
12 14 25 31 37
12 14 19 35 37
1 12 14 19 35 37
12 14 19 25 35 37
4 6 7 8 12 14 37
5 12 14 37
5 12 14 35 37
1 5 12 14 35 37
3 5 12 14 35 37
5 6 12 14 37
4 5 6 12 14 37
5 12 14 25 37
2 5 12 14 25 35 37
5 6 12 14 25 37
4 5 6 12 14 25 37
5 12 14 19 25 35 37
5 6 7 8 12 14 37
4 5 6 7 8 12 14 37
5 6 7 8 12 14 25 37
12 14 27 37
4 12 14 27 37
4 6 12 14 27 37
8 12 14 23 27 37
4 8 12 14 23 27 37
12 14 25 27 37
4 12 14 25 27 37
12 14 25 27 31 37
4 6 12 14 25 27 37
8 12 14 23 25 27 37
5 12 14 27 37
3 5 12 14 27 35 37
3 4 5 12 14 27 37
4 5 6 12 14 27 37
5 8 12 14 23 27 37
5 12 14 25 27 37
4 5 6 12 14 25 27 37
5 8 12 14 23 25 27 37
11 14 37
11 14 19 34 35 37
11 14 19 25 35 37
5 11 14 37
5 11 14 19 34 35 37
5 11 14 19 25 35 37
11 14 27 37
8 11 14 23 27 37
11 14 25 27 37
11 14 19 27 37
11 14 19 27 34 35 37
5 11 14 27 37
5 11 14 25 27 37
5 11 12 14 37
5 11 12 14 25 37
11 12 14 27 37
11 12 14 25 27 37
14 22
14 22 34
8 14 22 23
14 22 25
14 22 25 34
8 14 22 23 25
14 19 22 35
4 14 19 22 35
14 19 22 34 35
14 19 22 25 35
4 14 19 22 25 35
14 19 22 25 31 35
14 19 22 25 34 35
5 14 22
5 14 22 34
5 8 14 22 23
5 14 22 25
5 14 22 25 34
5 14 19 22 35
4 5 14 19 22 35
3 4 5 14 19 22 35
5 14 19 22 25 35
14 22 27
14 22 27 34
8 14 22 23 27
8 14 22 23 27 34
14 22 25 27
14 22 25 27 34
8 14 22 23 25 27
8 14 22 23 25 27 34
14 19 22 27 35
4 14 19 22 27 35
14 19 22 27 34 35
4 14 19 22 27 34 35
8 14 19 22 23 27 34
14 19 22 25 27 35
4 14 19 22 25 27 35
14 19 22 25 27 34 35
4 14 19 22 25 27 34 35
5 14 22 27
5 14 22 27 34
5 8 14 22 23 27
5 8 14 22 23 27 34
5 14 22 25 27
5 14 22 25 27 34
4 5 6 14 22 25 27 34
5 14 19 22 27 35
4 5 14 19 22 27 35
4 5 6 14 19 22 27 35
5 14 19 22 27 34 35
4 5 14 19 22 27 34 35
5 6 14 19 22 27 34 35
5 8 14 19 22 23 27 34
5 14 19 22 25 27 35
5 14 19 22 25 27 34 35
12 14 22
12 14 22 34
12 14 22 25
12 14 22 25 31
12 14 22 25 34
12 14 22 25 31 34
5 12 14 22
5 12 14 22 34
5 12 14 22 25
5 12 14 22 25 34
12 14 22 27
12 14 22 27 34
12 14 22 25 27
12 14 22 25 27 31
12 14 22 25 27 34
5 12 14 22 27
5 12 14 22 27 34
5 12 14 22 25 27
4 5 6 12 14 22 25 27
5 12 14 22 25 27 34
11 14 22 34
8 11 14 22 23
11 14 19 22 35
5 11 14 22 34
5 8 11 14 22 23
5 11 14 19 22 35
11 14 22 27 34
11 14 19 22 27 35
5 11 14 22 27 34
5 11 14 19 22 27 35
11 12 14 22
11 12 14 22 34
5 11 12 14 22
5 11 12 14 22 34
11 12 14 22 27
11 12 14 22 27 34
5 11 12 14 22 27
5 11 12 14 22 27 34
14 22 37
8 14 22 23 34 37
14 22 25 37
8 14 22 23 25 34 37
14 19 22 37
14 19 22 35 37
14 19 22 34 35 37
4 14 19 22 34 35 37
14 19 22 25 35 37
14 19 22 25 34 35 37
5 14 22 37
5 8 14 22 23 34 37
5 14 22 25 37
5 8 14 22 23 25 34 37
5 14 19 22 37
5 14 19 22 34 35 37
4 5 14 19 22 34 35 37
5 14 19 22 25 34 35 37
14 22 27 37
14 22 27 34 37
14 22 25 27 37
14 22 25 27 34 37
14 19 22 27 35 37
4 14 19 22 27 35 37
14 19 22 27 34 35 37
14 19 22 25 27 35 37
5 14 22 27 37
5 14 22 27 34 37
5 14 22 25 27 37
5 14 22 25 27 34 37
5 14 19 22 27 35 37
5 14 19 22 27 34 35 37
9 14 22
4 9 14 22
4 9 14 22 25
9 10 15 22 34
9 10 15 22 25 34
9 10 15 22 34 36
9 14 19 22
4 9 14 19 22
9 10 14 19 21 22
4 9 10 14 19 21 22
5 9 14 22
3 4 5 9 14 22
5 9 14 22 25
5 6 9 10 14 22 34
5 9 10 14 19 21 22
5 9 10 14 19 21 22 25
4 5 6 7 8 9 14 22
9 14 19 22 27
5 9 14 19 22 25 27
9 12 14 22
4 9 12 14 22
4 9 12 14 22 25
9 10 12 14 22
4 9 10 12 14 22
9 10 12 14 22 34
4 9 10 12 14 22 25
9 10 12 14 22 25 34
9 12 14 22 24
5 9 12 14 22
4 5 9 12 14 22
4 5 6 9 12 14 22
5 9 12 14 22 25
5 9 10 12 14 22
4 5 9 10 12 14 22
4 5 6 9 10 12 14 22
5 9 10 12 14 22 34
5 6 9 10 12 14 22 34
5 9 10 12 14 22 25
5 9 12 14 22 24
9 12 14 22 27
4 9 12 14 22 27
4 9 12 14 22 25 27
5 9 12 14 22 27
4 5 9 12 14 22 27
4 5 6 9 12 14 22 27
5 9 12 14 22 25 27
9 11 14 22
9 11 14 19 22
9 11 12 14 22
5 9 11 12 14 22
9 14 22 37
9 14 22 25 37
9 14 19 22 37
9 14 19 22 25 37
5 9 14 22 37
5 9 14 22 25 37
5 9 14 19 22 37
9 14 22 27 37
4 9 14 22 27 37
4 6 9 14 22 27 37
9 14 22 27 34 37
9 14 22 25 27 37
4 9 14 22 25 27 37
9 14 22 25 27 34 37
9 14 19 22 27 37
9 14 19 22 27 35 37
5 9 14 22 27 37
5 9 14 22 27 34 37
5 6 9 14 22 27 34 37
5 9 14 22 25 27 37
5 9 14 22 25 27 34 37
5 9 14 19 22 27 37
9 12 14 22 27 37
9 12 14 22 27 34 37
5 9 12 14 22 27 37
9 11 14 22 37
5 9 11 14 22 37
14 34 38
4 6 14 34 38
14 25 34 38
14 33 36 38
14 32 33 36 38
8 14 23 33 36 38
4 8 14 23 33 36 38
14 25 33 36 38
4 14 25 33 36 38
14 25 32 33 36 38
8 14 23 25 33 36 38
4 10 14 36 38
3 4 10 14 36 38
10 14 32 36 38
10 14 21 32 36 38
6 10 14 36 38
4 6 10 14 36 38
10 14 21 34 36 38
10 14 21 28 34 36 38
10 14 32 34 36 38
10 14 21 32 34 36 38
6 10 14 34 36 38
4 6 10 14 34 36 38
6 10 14 21 32 34 36 38
8 10 14 23 36 38
8 10 14 21 23 36 38
4 8 10 14 23 36 38
4 8 10 14 21 23 36 38
8 10 14 23 32 36 38
8 10 14 23 32 34 36 38
10 14 25 32 36 38
10 14 25 32 34 36 38
10 14 21 25 32 34 36 38
8 10 14 23 25 36 38
8 10 14 21 23 25 36 38
4 8 10 14 23 25 36 38
8 10 14 23 25 32 36 38
4 10 16 38
10 16 32 38
6 10 16 38
4 10 16 25 38
4 6 10 16 25 38
16 33 36 38
4 10 16 36 38
3 4 10 16 36 38
4 10 16 21 36 38
10 16 32 36 38
4 8 10 16 23 36 38
4 6 14 19 34 35 38
10 14 19 35 36 38
10 14 19 21 35 36 38
4 10 14 19 21 35 36 38
6 10 14 19 35 36 38
6 10 14 19 21 35 36 38
4 6 10 14 19 35 36 38
4 6 10 14 19 21 35 36 38
10 14 19 21 34 36 38
10 14 19 21 32 34 36 38
6 10 14 19 21 34 35 36 38
4 6 10 14 19 34 35 36 38
6 10 14 19 32 34 35 36 38
10 14 19 25 35 36 38
10 14 19 21 25 35 36 38
4 10 14 19 25 32 35 36 38
4 6 10 14 19 25 35 36 38
4 6 10 14 19 25 34 35 36 38
10 14 18 32 34 36 38
4 6 7 8 14 34 38
6 7 8 10 14 36 38
4 6 7 8 10 14 36 38
6 7 8 10 14 23 36 38
6 7 8 10 14 34 36 38
4 6 7 8 10 14 34 36 38
6 7 8 10 14 23 34 36 38
4 6 7 8 10 16 38
4 6 7 8 10 16 25 38
4 6 7 8 14 19 34 35 38
6 7 8 10 14 19 35 36 38
6 7 8 10 14 19 34 35 36 38
10 14 24 32 38
10 14 24 34 36 38
0 10 16 24 38
5 14 34 38
4 5 6 14 34 38
5 14 25 34 38
2 4 5 6 14 25 34 35 38
5 10 14 32 34 36 38
5 10 14 21 32 34 36 38
5 6 10 14 34 36 38
4 5 6 10 14 34 36 38
5 6 10 14 21 32 34 36 38
5 6 8 10 14 23 34 36 38
5 10 14 25 32 34 36 38
5 10 14 21 25 32 34 36 38
0 5 10 14 32 34 36 38
0 5 6 10 14 34 36 38
3 5 14 19 34 35 38
2 5 14 19 25 34 35 38
3 5 14 19 25 34 35 38
5 6 14 19 25 34 35 38
4 5 6 14 19 25 34 35 38
4 5 6 10 14 19 34 35 36 38
5 6 10 14 19 25 34 35 36 38
4 5 6 10 14 19 25 34 35 36 38
4 5 6 7 8 14 34 38
5 6 7 8 14 19 25 34 35 38
14 27 34 38
4 14 27 34 38
4 6 14 27 34 38
8 14 23 27 34 38
14 25 27 34 38
4 14 25 27 34 38
14 25 27 31 34 38
8 14 23 25 27 34 38
4 6 14 19 27 34 35 38
14 17 19 25 27 34 35 38
4 6 14 19 25 27 34 35 38
4 6 7 8 14 27 34 38
14 24 27 38
14 24 27 34 38
14 24 25 27 38
14 18 24 27 34 38
5 14 27 34 38
3 4 5 14 27 34 38
5 14 17 27 34 35 38
5 6 14 27 34 35 38
4 5 6 14 27 34 38
4 5 6 14 27 34 35 38
5 6 14 17 27 34 35 38
4 5 6 14 17 27 34 35 38
5 8 14 23 27 34 38
4 5 6 8 14 23 27 34 38
5 14 25 27 34 38
4 5 6 14 25 27 34 38
5 8 14 23 25 27 34 38
4 5 6 14 19 27 34 35 38
5 14 17 19 25 27 34 35 38
4 5 6 14 19 25 27 34 35 38
5 6 7 8 14 27 34 35 38
4 5 6 7 8 14 27 34 38
4 5 6 7 8 14 27 34 35 38
5 6 7 8 14 23 27 34 38
4 5 6 7 8 14 25 27 34 38
12 14 34 38
4 12 14 34 38
4 6 12 14 34 38
8 12 14 23 34 38
12 14 25 34 38
4 12 14 25 34 38
12 14 17 25 34 38
12 14 25 31 34 38
4 6 12 14 25 34 38
8 12 14 23 25 34 38
12 14 33 36 38
12 14 32 33 36 38
6 12 14 33 36 38
12 14 25 33 36 38
6 12 14 25 33 36 38
10 12 14 36 38
4 10 12 14 36 38
3 4 10 12 14 36 38
6 10 12 14 36 38
4 6 10 12 14 36 38
8 10 12 14 23 36 38
4 8 10 12 14 23 36 38
10 12 14 25 36 38
4 10 12 14 25 36 38
10 12 14 25 31 36 38
4 6 10 12 14 25 36 38
8 10 12 14 23 25 36 38
4 8 10 12 14 23 25 36 38
10 12 16 38
4 10 12 16 38
6 10 12 16 38
4 10 12 16 25 38
4 6 10 12 16 25 38
12 16 33 36 38
10 12 16 36 38
4 10 12 16 36 38
4 10 12 16 25 36 38
0 12 14 33 36 38
4 6 7 8 12 14 34 38
4 6 7 8 12 14 25 34 38
6 7 8 10 12 14 36 38
4 6 7 8 10 12 14 36 38
12 14 24 38
12 14 24 34 38
8 12 14 23 24 38
8 12 14 23 24 34 38
12 14 24 25 38
8 12 14 23 24 25 38
10 12 14 24 38
8 10 12 14 23 24 38
10 12 16 24 38
5 12 14 34 38
3 5 12 14 34 35 38
3 4 5 12 14 34 38
4 5 6 12 14 34 38
5 8 12 14 23 34 38
4 5 6 8 12 14 23 34 38
5 12 14 25 34 38
2 5 12 14 25 34 35 38
3 5 12 14 25 34 35 38
5 6 12 14 25 34 38
4 5 6 12 14 25 34 38
5 8 12 14 23 25 34 38
4 5 6 7 8 12 14 34 38
4 5 6 7 8 12 14 34 35 38
5 6 7 8 12 14 25 34 38
4 5 6 7 8 12 14 25 34 38
5 12 14 24 34 38
5 8 12 14 23 24 34 38
12 14 27 34 38
4 12 14 27 34 38
4 6 12 14 27 34 38
8 12 14 23 27 34 38
12 14 25 27 34 38
4 12 14 25 27 34 38
12 14 17 25 27 34 38
12 14 25 27 31 34 38
4 6 12 14 25 27 34 38
8 12 14 23 25 27 34 38
12 14 18 27 34 38
12 14 18 25 27 34 38
4 6 7 8 12 14 27 34 38
12 14 24 27 38
12 14 24 27 34 38
8 12 14 23 24 27 38
12 14 24 25 27 38
5 12 14 27 34 38
3 5 12 14 27 34 35 38
3 4 5 12 14 27 34 38
4 5 6 12 14 27 34 38
5 8 12 14 23 27 34 38
4 5 6 8 12 14 23 27 34 38
5 12 14 25 27 34 38
2 5 12 14 25 27 34 35 38
3 5 12 14 25 27 34 35 38
5 12 14 17 25 27 34 38
4 5 6 12 14 25 27 34 38
5 8 12 14 23 25 27 34 38
4 5 6 7 8 12 14 27 34 38
5 12 14 24 27 34 38
11 14 34 38
5 11 14 34 38
11 14 27 34 38
8 11 14 23 27 34 38
11 14 25 27 34 38
5 11 14 27 34 38
5 11 14 25 27 34 38
11 12 14 34 38
8 11 12 14 23 34 38
11 12 14 25 34 38
8 11 12 14 23 25 34 38
5 11 12 14 34 38
5 8 11 12 14 23 34 38
5 11 12 14 25 34 38
11 12 14 27 34 38
11 12 14 25 27 34 38
5 11 12 14 27 34 38
5 11 12 14 25 27 34 38
4 14 34 37 38
8 14 23 34 37 38
8 14 23 25 34 37 38
14 19 31 34 35 37 38
4 6 14 19 34 35 37 38
14 19 25 31 34 35 37 38
4 6 14 19 25 34 35 37 38
3 4 5 14 34 37 38
5 8 14 23 34 37 38
4 5 6 8 14 23 34 37 38
5 8 14 23 25 34 37 38
5 6 14 19 34 35 37 38
4 5 6 14 19 34 35 37 38
5 6 7 8 14 23 34 37 38
14 27 34 37 38
14 27 28 34 37 38
4 14 27 28 34 37 38
4 6 14 27 34 37 38
8 14 23 27 34 37 38
4 8 14 23 27 34 37 38
14 25 27 34 37 38
14 25 27 28 34 37 38
8 14 23 25 27 34 37 38
4 8 14 23 25 27 34 37 38
4 6 14 19 27 34 35 37 38
8 14 19 23 27 34 37 38
4 6 7 8 14 27 34 37 38
14 24 27 37 38
14 24 27 34 37 38
5 14 27 34 37 38
5 14 17 27 34 35 37 38
4 5 6 14 27 34 37 38
5 8 14 23 27 34 37 38
5 14 25 27 34 37 38
5 8 14 23 25 27 34 37 38
4 5 6 14 19 27 34 35 37 38
12 14 34 37 38
12 14 28 34 37 38
4 12 14 28 34 37 38
4 6 12 14 34 37 38
8 12 14 23 34 37 38
12 14 25 34 37 38
12 14 25 28 34 37 38
4 6 12 14 25 34 37 38
8 12 14 23 25 34 37 38
5 12 14 34 37 38
5 6 12 14 34 37 38
4 5 6 12 14 34 37 38
5 8 12 14 23 34 37 38
5 12 14 25 34 37 38
5 8 12 14 23 25 34 37 38
12 14 27 34 37 38
12 14 27 28 34 37 38
4 6 12 14 27 34 37 38
8 12 14 23 27 34 37 38
12 14 25 27 34 37 38
12 14 24 27 37 38
5 12 14 27 34 37 38
4 5 12 14 27 34 37 38
4 5 6 12 14 27 34 37 38
5 8 12 14 23 27 34 37 38
5 12 14 25 27 34 37 38
4 5 6 12 14 25 27 34 37 38
8 11 14 23 34 37 38
5 8 11 14 23 34 37 38
11 14 25 27 34 37 38
5 11 14 25 27 34 37 38
11 12 14 37 38
11 12 14 34 37 38
5 11 12 14 34 37 38
11 12 14 27 34 37 38
9 14 38
9 14 35 38
4 6 9 14 38
9 14 34 38
4 6 9 14 34 38
9 14 25 38
9 14 25 35 38
9 14 25 34 38
9 10 14 38
1 9 10 14 17 38
6 9 10 14 38
9 10 14 34 38
9 10 14 32 34 38
6 9 10 14 34 38
4 6 9 10 14 34 38
9 10 14 25 38
9 10 14 25 34 38
9 10 14 25 32 34 38
9 14 21 33 36 38
9 14 33 34 36 38
6 9 14 33 34 36 38
9 14 25 33 34 36 38
6 9 14 25 33 34 36 38
9 10 14 34 36 38
9 10 14 32 34 36 38
6 9 10 14 34 36 38
6 9 10 14 21 34 36 38
4 6 9 10 14 34 36 38
4 6 9 10 14 21 34 36 38
9 10 14 25 34 36 38
9 10 14 25 26 34 36 38
9 10 14 25 32 34 36 38
9 10 15 38
9 10 16 38
6 9 10 16 21 38
9 10 16 34 38
9 10 16 32 34 38
6 9 10 15 34 38
6 9 10 16 34 38
4 6 9 10 15 34 38
9 10 15 25 38
9 10 16 25 38
9 10 16 25 34 38
9 10 16 34 36 38
6 9 10 15 34 36 38
4 6 9 10 15 34 36 38
9 10 16 25 34 36 38
1 9 14 19 35 38
1 9 14 19 34 38
1 9 14 19 34 35 38
1 9 14 19 25 34 35 38
1 9 10 14 19 38
1 9 10 14 19 35 38
1 9 10 14 19 25 38
1 9 10 14 19 25 35 38
9 10 16 18 34 38
6 7 8 9 14 35 38
4 6 7 8 9 14 38
4 6 7 8 9 14 35 38
6 7 8 9 14 23 35 38
6 7 8 9 14 34 35 38
4 6 7 8 9 14 34 38
4 6 7 8 9 14 34 35 38
6 7 8 9 10 14 34 38
4 6 7 8 9 10 14 34 38
6 7 8 9 10 14 34 36 38
6 7 8 9 10 15 34 38
4 6 7 8 9 14 19 35 38
6 7 8 9 10 14 19 34 38
9 14 18 24 38
9 14 18 24 34 38
9 14 18 24 25 38
5 9 14 38
5 9 14 35 38
5 6 9 14 38
4 5 6 9 14 38
5 9 14 34 38
5 6 9 14 34 38
4 5 6 9 14 34 38
5 9 14 25 38
3 5 9 14 25 38
2 5 6 9 14 25 38
4 5 6 9 14 25 38
2 4 5 6 9 14 25 38
5 9 14 25 34 38
5 9 10 14 38
5 9 10 14 32 34 38
5 6 9 10 14 34 38
4 5 6 9 10 14 34 38
5 9 10 14 25 38
2 5 6 9 10 14 25 38
5 9 10 14 25 32 34 38
5 6 9 10 14 25 34 38
4 5 6 9 10 14 25 34 38
5 9 10 14 32 34 36 38
5 6 9 10 14 34 36 38
5 6 9 10 14 21 34 36 38
4 5 6 9 10 14 34 36 38
5 9 10 14 25 32 34 36 38
5 9 10 15 38
5 9 10 16 38
5 6 9 10 15 21 38
5 6 9 10 15 34 38
4 5 6 9 10 15 34 38
5 9 10 15 25 38
5 9 10 16 25 38
5 6 9 10 15 21 25 38
5 6 9 10 15 34 36 38
4 5 6 9 10 15 34 36 38
1 5 9 14 19 35 38
1 5 9 14 19 34 38
1 5 9 14 19 34 35 38
1 5 9 14 19 25 35 38
1 5 9 10 14 19 38
1 5 9 10 14 19 35 38
1 5 9 10 14 19 25 38
5 6 9 10 15 19 34 38
5 7 8 9 14 38
4 5 7 8 9 14 38
5 6 7 8 9 14 38
4 5 6 7 8 9 14 38
5 7 8 9 14 34 38
5 6 7 8 9 14 34 38
4 5 6 7 8 9 14 34 38
5 7 8 9 10 14 38
5 7 8 9 10 14 21 38
4 5 7 8 9 10 14 38
5 7 8 9 10 14 34 38
5 7 8 9 10 14 21 34 38
5 6 7 8 9 10 14 34 38
5 7 8 9 10 14 36 38
5 7 8 9 10 14 34 36 38
5 6 7 8 9 10 14 34 36 38
5 7 8 9 10 15 38
5 7 8 9 10 16 38
4 5 7 8 9 10 16 38
5 7 8 9 10 15 34 38
5 7 8 9 10 16 34 38
5 6 7 8 9 10 15 34 38
5 7 8 9 10 15 36 38
5 7 8 9 14 19 38
5 7 8 9 14 19 35 38
4 5 7 8 9 14 19 38
4 5 7 8 9 14 19 35 38
4 5 7 8 9 10 14 19 35 38
9 14 27 38
9 14 27 35 38
9 14 25 27 38
9 14 25 27 35 38
1 9 14 19 27 34 38
1 9 14 19 27 34 35 38
4 6 7 8 9 14 27 35 38
6 7 8 9 14 27 34 35 38
5 9 14 27 38
5 9 14 27 35 38
5 9 14 25 27 38
5 9 14 25 27 35 38
2 5 6 9 14 25 27 38
1 5 9 14 19 25 27 34 38
5 7 8 9 14 27 38
4 5 7 8 9 14 27 38
5 7 8 9 14 27 34 38
4 5 7 8 9 14 27 34 38
5 7 8 9 14 19 27 38
5 7 8 9 14 19 27 35 38
4 5 7 8 9 14 19 27 38
5 7 8 9 14 19 27 34 35 38
9 12 14 38
4 6 9 12 14 38
9 12 14 34 38
4 6 9 12 14 34 38
9 12 14 25 38
9 12 14 25 34 38
9 10 12 14 38
3 4 9 10 12 14 38
6 9 10 12 14 38
4 6 9 10 12 14 38
9 10 12 14 34 38
6 9 10 12 14 34 38
4 6 9 10 12 14 34 38
9 10 12 14 25 38
9 10 12 14 25 34 38
9 12 14 33 34 36 38
9 10 12 14 34 36 38
6 9 10 12 14 34 36 38
4 6 9 10 12 14 34 36 38
9 10 12 14 25 34 36 38
9 10 12 16 38
4 6 9 10 12 16 38
9 10 12 16 34 38
6 9 10 12 16 34 38
9 10 12 16 25 38
9 10 12 16 25 34 38
9 10 12 16 34 36 38
9 10 12 14 18 38
9 10 12 14 18 34 38
6 7 8 9 12 14 35 38
4 6 7 8 9 12 14 38
4 6 7 8 9 12 14 35 38
4 6 7 8 9 12 14 34 38
4 6 7 8 9 10 12 14 38
6 7 8 9 10 12 14 34 38
4 6 7 8 9 10 12 14 34 38
9 12 14 24 38
9 10 12 14 24 38
5 9 12 14 38
5 6 9 12 14 38
4 5 6 9 12 14 38
5 9 12 14 34 38
4 5 6 9 12 14 34 38
5 9 12 14 25 38
3 5 9 12 14 25 38
4 5 6 9 12 14 25 38
5 9 12 14 25 34 38
5 9 10 12 14 38
5 6 9 10 12 14 38
4 5 6 9 10 12 14 38
5 9 10 12 14 34 38
5 6 9 10 12 14 34 38
4 5 6 9 10 12 14 34 38
5 9 10 12 14 25 38
3 5 9 10 12 14 25 38
5 6 9 10 12 14 25 38
2 5 6 9 10 12 14 25 38
4 5 6 9 10 12 14 25 38
5 9 10 12 14 25 34 38
3 5 9 10 12 14 25 34 38
5 6 9 10 12 14 25 34 38
4 5 6 9 10 12 14 25 34 38
5 9 10 12 14 34 36 38
5 6 9 10 12 14 34 36 38
4 5 6 9 10 12 14 34 36 38
5 9 10 12 14 25 34 36 38
5 9 10 12 16 38
5 9 10 12 16 25 38
5 7 8 9 12 14 38
4 5 7 8 9 12 14 38
5 6 7 8 9 12 14 38
4 5 6 7 8 9 12 14 38
5 7 8 9 12 14 34 38
4 5 7 8 9 12 14 34 38
4 5 6 7 8 9 12 14 34 38
5 7 8 9 10 12 14 38
4 5 7 8 9 10 12 14 38
4 5 6 7 8 9 10 12 14 38
5 7 8 9 10 12 14 34 38
5 6 7 8 9 10 12 14 34 38
5 7 8 9 10 12 14 36 38
5 7 8 9 10 12 14 34 36 38
5 7 8 9 10 12 16 38
5 9 12 14 24 38
5 9 10 12 14 24 38
9 12 14 27 38
4 6 9 12 14 27 38
9 12 14 27 34 38
4 6 9 12 14 27 34 38
9 12 14 25 27 38
9 12 14 25 27 34 38
9 12 14 18 27 38
9 12 14 18 27 34 38
4 6 7 8 9 12 14 27 38
9 12 14 24 27 38
5 9 12 14 27 38
4 5 6 9 12 14 27 38
5 9 12 14 27 34 38
4 5 6 9 12 14 27 34 38
5 9 12 14 25 27 38
3 5 9 12 14 25 27 38
4 5 6 9 12 14 25 27 38
5 9 12 14 25 27 34 38
3 5 9 12 14 25 27 34 38
5 7 8 9 12 14 27 38
4 5 7 8 9 12 14 27 38
5 7 8 9 12 14 27 34 38
5 9 12 14 24 27 38
9 11 14 38
9 11 14 35 38
9 11 14 34 38
9 11 14 25 34 38
5 9 11 14 38
5 9 11 14 34 38
5 9 11 14 25 34 38
9 11 14 27 38
9 11 14 27 35 38
9 11 14 25 27 38
9 11 12 14 38
9 11 12 14 34 38
9 11 12 14 25 34 38
5 9 11 12 14 38
5 9 11 12 14 34 38
5 9 11 12 14 25 34 38
9 11 12 14 27 38
9 11 12 14 27 34 38
9 11 12 14 25 27 38
5 9 11 12 14 27 38
5 9 11 12 14 27 34 38
5 9 11 12 14 25 27 38
9 14 37 38
9 14 35 37 38
4 6 9 14 37 38
9 14 25 37 38
9 14 25 35 37 38
6 7 8 9 14 35 37 38
4 6 7 8 9 14 37 38
4 6 7 8 9 14 35 37 38
5 9 14 37 38
5 9 14 35 37 38
5 6 9 14 37 38
4 5 6 9 14 37 38
5 9 14 25 37 38
5 9 14 25 35 37 38
5 7 8 9 14 37 38
5 6 7 8 9 14 37 38
4 5 6 7 8 9 14 37 38
9 14 27 37 38
9 14 27 35 37 38
4 6 9 14 27 37 38
4 6 9 14 27 34 37 38
9 14 25 27 37 38
9 14 25 27 35 37 38
9 14 19 27 37 38
1 9 14 19 27 37 38
9 14 18 27 37 38
5 9 14 27 37 38
5 9 14 27 35 37 38
4 5 6 9 14 27 37 38
4 5 6 9 14 27 34 37 38
5 9 14 25 27 37 38
5 9 14 25 27 35 37 38
3 5 9 14 25 27 37 38
4 5 6 9 14 25 27 37 38
5 9 14 19 25 27 37 38
5 7 8 9 14 27 37 38
4 5 7 8 9 14 27 37 38
5 7 8 9 14 27 34 37 38
9 12 14 37 38
4 6 9 12 14 37 38
9 12 14 25 37 38
5 9 12 14 37 38
5 6 9 12 14 37 38
4 5 6 9 12 14 37 38
5 9 12 14 25 37 38
5 7 8 9 12 14 37 38
5 6 7 8 9 12 14 37 38
5 7 8 9 12 14 34 37 38
9 12 14 27 37 38
4 6 9 12 14 27 37 38
4 6 9 12 14 27 34 37 38
9 12 14 25 27 37 38
9 12 14 24 27 37 38
5 9 12 14 27 37 38
4 5 6 9 12 14 27 37 38
5 9 12 14 25 27 37 38
5 7 8 9 12 14 27 37 38
9 11 14 37 38
9 11 14 35 37 38
5 9 11 14 37 38
9 11 14 27 37 38
9 11 14 25 27 37 38
9 11 14 19 27 37 38
9 11 12 14 37 38
5 9 11 12 14 37 38
9 11 12 14 27 37 38
5 9 11 12 14 27 37 38
0 10 12 16 25 36
0 4 8 10 12 16 23 25 36
0 1 10 12 16 35 36
0 3 4 10 12 16 35 36
0 4 8 10 12 16 23 36
0 4 8 10 12 16 23 35 36
0 10 12 16 25 31
0 1 10 12 14 35 36
0 3 4 10 12 14 35 36
0 4 8 10 12 14 23 36
0 4 8 10 12 14 23 35 36
0 1 10 12 16 19 25 35 36
0 3 4 10 12 16 19 25 35 36
0 4 8 10 12 16 19 23 25 35 36
0 1 10 12 16 19 35 36
4 6 7 8 12 14 23 25
0 4 6 7 8 10 12 16
0 6 7 8 10 12 14 25
10 12 14 18 24 25
8 10 12 14 18 23 24
4 5 6 8 10 12 16 23
0 2 5 10 12 16 25 35
0 3 5 10 12 16 25 35
0 5 6 10 12 16 25
0 2 4 5 6 10 12 16 25 35
0 4 5 8 10 12 16 23 25
0 4 5 6 8 10 12 16 23 25
0 3 5 10 12 16 35
0 4 5 10 12 16 35
0 4 5 8 10 12 16 23
0 4 5 6 8 10 12 16 23
0 4 5 6 8 10 12 14 23 36
0 4 5 6 8 10 12 14 23
0 4 5 10 12 16 19 25 35
4 5 6 7 8 10 12 16 23
5 6 7 8 10 12 14 23 36
3 5 6 7 8 10 12 14 35
3 5 6 7 8 10 12 14 23
3 4 5 6 7 8 12 14 25 35
0 3 5 6 7 8 10 12 16 25 35
0 4 5 6 7 8 10 12 16 25
0 4 5 6 7 8 10 12 16
0 4 5 6 7 8 10 12 16 35
0 4 5 6 7 8 10 12 14 36
0 4 5 6 7 8 10 12 14 35 36
0 4 5 6 7 8 10 12 14
0 4 5 6 7 8 10 12 14 35
3 5 6 7 8 10 12 14 19 25 35
4 5 6 7 8 12 14 19 25 35
0 4 5 6 7 8 10 12 16 19 25 35
5 10 12 16 18 24
5 8 10 12 14 18 23 24
4 6 7 8 12 14 23 25 27
4 6 7 8 12 14 23 27
12 14 18 24 25 27
12 14 18 24 27
8 12 14 18 23 24 27
2 4 5 6 12 14 25 27 35
3 4 5 8 12 14 23 27
3 4 5 12 14 19 25 27 35
3 4 5 6 7 8 12 14 25 27 35
4 5 6 7 8 12 14 23 27
4 5 6 7 8 12 14 19 25 27 35
10 15 21 25 32 36
10 15 21 32 36
1 10 15 17 21 32 36
8 10 15 21 23 25 32
4 8 10 14 21 23 25 32
4 6 10 15 21 32
8 10 15 21 23 32
4 8 10 14 21 23 32
0 10 16 25 31 36
0 4 8 10 16 23 25 36
0 10 16 25 31
0 10 15 25 32 36
0 10 14 25 26 32 36
0 10 14 21 25 32 36
0 10 14 21 25 28 32 36
0 10 15 25 31 36
0 10 14 21 25 31 36
0 10 14 25 31 32 36
0 10 15 25 31 32 36
0 10 14 21 25 31 32 36
0 10 15 32 36
0 10 14 21 32 36
0 10 14 21 28 32 36
0 10 14 21 26 28 32 36
0 10 15 25 31
0 10 14 25 31 32
0 10 15 25 31 32
10 15 19 25 32 35 36
10 15 19 21 25 32 35 36
1 10 15 17 19 21 25 32 36
10 15 19 20 25 31 32 35 36
10 15 19 20 21 25 31 32 35 36
1 10 15 19 20 21 25 31 32 35 36
4 6 10 15 19 25 35 36
1 10 14 19 32 34 36
1 10 14 19 32 34 35 36
10 15 19 21 32 35 36
1 10 15 19 21 32 36
1 10 15 19 21 32 35 36
4 6 10 15 19 21 35 36
6 10 15 19 21 32 35 36
1 14 19 32 33 36
1 14 19 32 33 35 36
10 15 19 21 25 32
10 14 19 20 25 31 32 35
10 15 19 20 25 31 32 35
10 15 19 20 21 25 31 32 35
8 10 15 19 21 23 25 32
8 10 14 19 21 23 25 32 35
6 8 10 14 19 21 23 25 35
10 15 19 21 32 35
4 6 10 15 19 21 32 35
8 10 15 19 21 23 32
8 10 14 19 21 23 32 35
4 8 10 14 19 21 23 32 35
3 4 8 10 14 19 21 23 32 35
0 1 10 16 19 25 35 36
0 3 4 10 16 19 25 35 36
0 1 10 16 19 25 31 35 36
0 4 8 10 16 19 23 25 35 36
0 4 8 10 16 19 23 25 31 35 36
0 1 10 16 19 35 36
0 1 16 19 33 35 36
10 14 18 19 25 32 34 35 36
10 14 18 19 32 34 35 36
6 7 8 10 15 21 36
4 6 7 8 10 15 36
6 7 8 10 15 23 36
6 7 8 10 15 21 23 36
6 7 8 10 15 23 25
6 7 8 10 14 21 23 25
0 4 6 7 8 10 16
0 6 7 8 10 15 25
0 6 7 8 10 14 21 25
4 6 7 8 10 15 19 25 35 36
6 7 8 10 15 19 36
6 7 8 10 15 19 35 36
6 7 8 10 15 19 21 35 36
4 6 7 8 10 15 19 25 35
6 7 8 10 15 19 21 35
10 14 18 24 25 32
10 14 18 24 32
8 10 14 18 23 24 32
0 10 16 18 24
10 14 18 19 24 32 35
5 10 15 21 25 32 36
5 8 10 14 21 23 25 32 36
5 6 8 10 15 23 25 36
5 10 15 21 32 36
5 10 15 21 32 35 36
1 5 10 15 21 32 35 36
1 5 10 15 17 21 32 36
4 5 6 10 15 21 35 36
5 6 10 15 21 32 35 36
5 8 10 14 21 23 32 36
5 6 8 10 15 21 23 36
5 6 8 10 14 21 23 32 36
5 8 10 15 21 23 25 32
4 5 6 8 10 14 21 23 25 32
3 5 10 15 21 32
3 5 10 15 21 32 35
4 5 6 10 15 21 32 35
5 8 10 15 21 23 32
5 8 10 15 21 23 32 35
3 5 8 10 14 21 23 32
5 6 8 10 14 21 23 32
5 6 8 10 15 21 23 32 35
4 5 6 8 10 14 21 23 32
0 1 2 5 10 16 25 35
0 1 3 5 10 16 25 35
0 2 5 6 10 16 21 25 35
0 4 5 8 10 16 23 25
0 4 5 6 8 10 16 23 25
0 1 3 5 10 16 35
0 4 5 8 10 16 23
0 4 5 6 8 10 16 23
0 5 10 15 25 32 36
0 5 10 14 21 25 32 36
0 5 6 10 15 25 36
0 5 10 15 32 36
0 4 5 8 10 14 23 32 36
0 4 5 6 8 10 14 23 36
0 4 5 6 8 10 15 23 36
0 1 3 5 10 14 25 35
0 1 3 5 10 14 35
0 4 5 6 8 10 15 23
5 10 14 19 20 25 32 34 35 36
5 10 15 19 25 32 35 36
5 10 14 19 20 25 32 35 36
5 10 15 19 20 25 32 35 36
5 10 14 19 21 25 32 35 36
5 10 15 19 21 25 32 35 36
1 5 10 15 19 21 25 32 35 36
5 10 15 19 20 21 25 32 35 36
1 5 10 15 19 20 21 25 32 35 36
4 5 6 10 15 19 25 35 36
4 5 6 10 15 19 21 25 35 36
5 6 10 14 19 21 25 32 35 36
5 6 10 15 19 21 25 32 35 36
1 5 10 14 19 32 34 36
5 10 15 19 32 35 36
5 10 14 19 21 32 35 36
1 5 10 15 19 21 32 36
4 5 6 10 14 19 21 35 36
4 5 6 10 15 19 21 35 36
5 6 10 15 19 21 32 35 36
5 10 14 19 20 25 32 35
5 10 15 19 20 25 32 35
3 5 10 14 19 20 25 32 35
5 10 15 19 21 25 32 35
3 5 10 15 19 21 25 32 35
5 10 15 19 20 21 25 32 35
3 5 10 15 19 20 21 25 32 35
4 5 6 10 15 19 21 25 32 35
5 8 10 14 19 20 23 25 32 35
5 8 10 15 19 21 23 25 32 35
5 8 10 15 19 20 21 23 25 32 35
5 6 8 10 15 19 21 23 25 32 35
4 5 6 8 10 14 19 23 25 32 35
5 10 15 19 21 32
3 5 10 15 19 21 32
5 8 10 15 19 21 23 32
5 8 10 14 19 21 23 32 35
5 6 8 10 14 19 21 23 35
5 6 8 10 14 19 21 23 32 35
0 4 5 10 16 19 25 35
0 4 5 10 14 19 32 35 36
5 6 7 8 10 15 35 36
5 6 7 8 10 15 21 35 36
5 6 7 8 10 15 23 36
5 6 7 8 10 14 21 23 36
5 6 7 8 10 15 21 23 36
5 6 7 8 10 15 21 23 32 36
5 6 7 8 10 15 21 35
3 5 6 7 8 10 15 21 32 35
3 5 6 7 8 10 15 23
5 6 7 8 10 15 21 23
3 5 6 7 8 10 14 21 23
3 4 5 6 7 8 14 25 35
0 3 5 6 7 8 10 16 21 25 35
0 4 5 6 7 8 10 16 25
0 4 5 6 7 8 10 16
0 4 5 6 7 8 10 16 35
0 4 5 6 7 8 10 14 36
0 4 5 6 7 8 10 15 36
0 3 5 6 7 8 10 14 21 25 35
0 4 5 6 7 8 10 15
0 4 5 6 7 8 10 14 35
5 6 7 8 10 15 19 25 36
5 6 7 8 10 14 19 25 35 36
5 6 7 8 10 15 19 25 35 36
5 6 7 8 10 15 19 21 25 35 36
5 6 7 8 10 15 19 25 35
3 5 6 7 8 10 14 19 25 35
5 6 7 8 10 15 19 21 25 35
3 5 6 7 8 10 15 19 21 25 32 35
3 4 5 6 7 8 14 19 25 35
0 4 5 6 7 8 10 16 19 25 35
0 4 5 6 7 8 10 14 19 35 36
0 4 5 6 7 8 10 15 19 35 36
0 4 5 6 7 8 10 14 19 35
0 4 5 6 7 8 10 15 19 35
0 5 10 16 24 25
0 5 10 16 18 24 25
0 5 10 14 18 24 32
4 6 7 8 14 23 25 27
4 6 7 8 14 19 25 27 35
1 2 5 14 25 27 35
1 3 5 14 25 27 35
3 4 5 8 14 19 23 27
3 5 6 7 8 14 25 27 35
4 5 6 7 8 14 19 25 27 35
10 11 12 14 18 24 25
10 11 12 14 18 24
8 10 11 12 14 18 23 24
5 6 10 11 12 14 24 25 36
5 6 10 11 12 14 24 36
5 6 8 10 11 12 14 23 24 36
8 11 12 14 23 25 27
8 10 11 15 23 36
0 10 11 14 25 32 36
0 10 11 14 21 25 31 32 36
10 11 14 19 25 32 34 35 36
10 11 15 19 25 36
10 11 15 18 25
6 7 8 10 11 15 36
6 7 8 10 11 15 23 36
0 6 7 8 10 11 14 21 25 28 32 36
6 7 8 10 11 15 19 36
10 11 14 19 24 25 32 35 36
10 11 14 19 24 32 35 36
10 11 14 18 24 25 32
10 11 14 18 21 24 25 32
8 10 11 14 18 21 23 24 25 32
10 11 14 18 24 32
10 11 14 18 21 24 32
8 10 11 14 18 23 24 32
8 10 11 14 18 21 23 24 32
10 11 14 18 19 24 32 35
8 10 11 14 18 19 21 23 24 32 35
5 6 8 10 11 15 23 36
0 5 6 10 11 14 21 25 36
0 5 6 10 11 14 21 25 32 36
5 6 10 11 15 19 25 36
5 6 10 11 15 19 36
5 6 8 10 11 15 19 23
5 6 10 11 15 18 25
5 6 8 10 11 15 18 23 25
5 6 10 11 15 18
5 6 8 10 11 15 18 23
5 6 10 11 14 21 24 36
5 6 8 10 11 14 21 23 24 36
5 6 10 11 14 19 21 24 25 35 36
5 6 10 11 14 19 21 24 35 36
1 2 5 12 14 25 35 37
2 4 5 6 12 14 25 35 37
1 3 5 12 14 35 37
1 5 12 14 19 25 35 37
4 5 6 7 8 12 14 25 37
3 4 5 6 7 8 12 14 25 35 37
4 12 14 25 27 28 37
4 8 12 14 23 25 27 37
4 8 12 14 23 25 27 28 37
6 8 12 14 23 25 27 37
4 6 7 8 12 14 25 27 37
4 6 7 8 12 14 23 25 27 37
4 6 7 8 12 14 23 25 27 28 37
4 6 7 8 12 14 27 37
4 6 7 8 12 14 23 27 37
12 14 18 24 27 37
8 12 14 18 23 24 27 37
2 5 12 14 25 27 35 37
3 5 12 14 25 27 35 37
2 4 5 6 12 14 25 27 35 37
4 5 6 8 12 14 23 25 27 37
3 4 5 12 14 27 35 37
4 5 6 8 12 14 23 27 37
3 4 5 12 14 19 25 27 35 37
4 5 6 7 8 12 14 25 27 37
3 4 5 6 7 8 12 14 25 27 35 37
4 5 6 7 8 12 14 27 37
3 4 5 6 7 8 12 14 27 35 37
4 5 6 7 8 12 14 23 27 37
3 4 5 6 7 8 12 14 19 25 27 35 37
2 4 5 6 14 19 25 35 37
4 5 6 7 8 14 19 25 35 37
3 4 5 6 7 8 14 19 25 35 37
14 19 25 27 31 35 37
1 14 19 27 34 35 37
4 6 7 8 14 19 27 35 37
14 18 24 27 37
1 2 5 14 25 27 35 37
1 3 5 14 25 27 35 37
2 5 6 14 25 27 35 37
2 4 5 6 14 25 27 35 37
1 3 5 14 27 35 37
4 5 6 8 14 23 27 35 37
2 5 14 19 25 27 35 37
3 5 14 19 25 27 35 37
3 4 5 14 19 25 27 35 37
2 4 5 6 14 19 25 27 35 37
5 8 14 19 23 25 27 35 37
5 6 8 14 19 23 25 27 35 37
4 5 6 8 14 19 23 25 27 35 37
3 5 6 7 8 14 25 27 35 37
4 5 6 7 8 14 25 27 37
3 4 5 6 7 8 14 25 27 35 37
4 5 6 7 8 14 27 35 37
3 4 5 6 7 8 14 27 35 37
4 5 6 7 8 14 19 25 27 35 37
3 4 5 6 7 8 14 19 25 27 35 37
8 11 12 14 23 25 27 37
8 11 12 14 23 27 37
11 14 19 25 31 37
11 14 19 25 31 35 37
4 11 14 25 27 28 37
8 11 14 23 25 27 37
8 11 14 19 23 27 37
5 8 11 14 23 25 27 37
5 8 11 14 23 27 37
3 4 9 10 12 14 22
9 10 12 14 18 22 34
6 7 8 9 10 12 14 22 25 34
4 6 7 8 9 10 12 14 22 25
4 6 7 8 9 12 14 22 25
9 10 12 14 18 22 24 34
9 10 12 14 18 22 24
9 12 14 18 22 24
3 5 9 10 12 14 22 34
3 4 5 9 12 14 22
3 5 6 7 8 9 10 12 14 22 34
4 5 6 7 8 9 10 12 14 22
4 5 6 7 8 9 12 14 22
5 9 12 14 18 22 24
4 6 7 8 9 12 14 22 25 27
3 4 5 9 12 14 22 27
4 5 6 7 8 9 12 14 22 27
9 10 15 22 25 34 36
9 10 15 22 25 32 34 36
9 10 15 21 22 25 32 34 36
9 10 15 21 22 25 32 34 35 36
9 10 15 22 32 34 36
9 10 15 21 22 32 34 36
9 10 15 21 22 32 34 35 36
6 9 14 21 22 33 34 36
9 10 15 22 25 32 34
9 10 14 21 22 25 32 34
9 10 15 21 22 25 32 34
9 10 15 22 32 34
9 10 14 21 22 32 34
9 10 15 21 22 32 34
4 6 9 10 15 21 22 32 34
1 9 10 15 19 21 22 25 32 34 36
1 9 10 15 19 21 22 32 34 36
1 9 10 15 17 19 21 22 32 34 36
9 15 19 21 22 25 33 34 35 36
9 15 19 21 22 33 34 35 36
3 9 15 19 21 22 33 34 35 36
6 9 15 19 21 22 33 34 35 36
9 10 15 19 21 22 25 32 34 35
1 9 10 15 19 21 22 25 32 34 35
9 10 15 19 22 34 35
9 10 15 19 21 22 32 34 35
1 9 10 15 19 21 22 32 34 35
3 4 9 10 14 19 21 22
6 7 8 9 10 14 22 25 34
4 6 7 8 9 14 22 25
6 7 8 9 15 19 22 25 33 34 35 36
6 7 8 9 10 15 19 22 25 34 35
0 2 6 7 8 9 10 14 19 21 22 25 28 32 34 35
5 9 10 15 22 25 32 34 36
5 9 10 15 21 22 25 32 34 36
5 9 10 15 21 22 25 32 34 35 36
5 6 9 10 15 22 25 34 36
5 9 10 15 22 32 34 36
5 9 10 15 21 22 32 34 36
5 9 10 15 21 22 32 34 35 36
5 9 10 15 22 25 32 34
5 6 9 10 15 22 25 34
4 5 6 9 10 15 22 25 34
5 9 10 15 22 32 34
5 9 10 14 21 22 32 34
5 9 10 15 21 22 32 34
3 5 9 10 14 21 22 32 34
4 5 6 9 10 15 21 22 32 34
1 5 9 10 15 19 21 22 32 34 36
1 3 5 9 10 15 19 21 22 25 32 34 35
5 9 10 15 19 21 22 32 34 35
1 5 9 10 15 19 21 22 32 34 35
3 5 9 10 15 19 21 22 32 34 35
3 4 5 9 14 19 22
3 5 6 7 8 9 10 14 21 22 34
3 5 6 7 8 9 10 15 19 22 25 34
3 5 6 7 8 9 10 15 19 21 22 32 34 35
9 10 11 12 14 18 22 24 34
9 10 11 12 14 18 22 24
9 11 12 14 22 27
5 9 11 12 14 22 27
9 10 11 15 22 34 36
2 6 9 11 14 21 22 25 33 34 36
9 10 11 15 22 34
3 6 7 8 9 11 15 19 22 33 34 35 36
9 10 11 14 18 22 24 34
5 6 9 10 11 15 19 22 34 35
5 6 9 10 11 14 18 21 22 24
9 11 14 19 22 27
4 9 12 14 22 25 27 37
4 9 12 14 22 25 27 28 37
9 12 14 22 27 28 34 37
4 9 12 14 22 27 28 34 37
4 9 12 14 22 27 37
9 12 14 18 22 27 37
4 6 7 8 9 12 14 22 25 27 37
4 6 7 8 9 12 14 22 25 27 28 37
5 9 12 14 22 25 27 34 37
5 9 12 14 22 25 27 37
5 9 12 14 22 27 34 37
4 5 9 12 14 22 27 34 37
4 5 9 12 14 22 27 28 34 37
3 4 5 9 12 14 22 27 28 34 37
4 5 6 9 12 14 22 27 34 37
3 4 5 9 12 14 22 27 37
4 5 6 9 12 14 22 27 37
4 5 6 7 8 9 12 14 22 27 34 37
4 5 6 7 8 9 12 14 22 27 28 34 37
3 4 5 6 7 8 9 12 14 22 27 37
1 9 14 19 22 25 27 34 35 37
4 9 14 19 22 25 27 35 37
9 14 19 22 27 34 35 37
1 9 14 19 22 27 34 37
1 9 14 19 22 27 34 35 37
9 14 19 22 27 28 34 37
4 9 14 19 22 27 28 34 37
9 14 19 22 27 31 34 35 37
4 9 14 19 22 27 31 34 35 37
4 9 14 19 22 27 35 37
4 6 7 8 9 14 22 25 27 37
2 4 6 7 8 9 14 19 22 25 27 35 37
3 4 5 9 14 22 27 37
4 5 6 9 14 22 27 37
5 9 14 19 22 25 27 34 37
5 9 14 19 22 25 27 34 35 37
1 5 9 14 19 22 25 27 34 37
5 9 14 19 22 25 27 37
5 9 14 19 22 25 27 35 37
3 5 9 14 19 22 25 27 37
5 9 14 19 22 27 34 37
1 5 9 14 19 22 27 34 37
1 5 9 14 19 22 27 34 35 37
3 4 5 9 14 19 22 27 34 35 37
3 4 5 9 14 19 22 27 28 34 37
5 9 14 19 22 27 35 37
3 4 5 9 14 19 22 27 35 37
3 4 5 6 7 8 9 14 22 27 37
3 4 5 6 7 8 9 14 19 22 27 35 37
9 11 12 14 22 27 34 37
9 11 12 14 22 27 28 34 37
9 11 12 14 22 27 37
5 9 11 12 14 22 27 34 37
9 11 14 19 22 37
9 11 14 22 25 27 34 37
9 11 14 22 27 37
1 9 11 14 19 22 25 27 34 37
1 9 11 14 19 22 25 27 34 35 37
4 9 11 14 19 22 25 27 31 34 35 37
9 11 14 19 22 27 28 34 37
9 11 14 19 22 27 31 34 35 37
9 11 14 19 22 27 37
9 11 14 19 22 27 35 37
5 9 11 14 22 25 27 34 37
5 9 11 14 22 27 37
12 14 22 25 27 31 34
8 10 14 22 23 25 32 34 36
8 10 14 21 22 23 25 32 34 36
4 8 10 14 22 23 25 32 34 36
4 8 10 14 21 22 23 25 32 34 36
8 10 15 22 23 25 32 36
8 10 15 21 22 23 25 32 36
4 8 10 15 22 23 25 32 36
4 8 10 15 21 22 23 25 32 36
8 10 14 22 23 32 34 36
8 10 14 21 22 23 32 34 36
4 8 10 14 22 23 32 34 36
4 8 10 14 21 22 23 32 34 36
8 10 15 22 23 32 36
8 10 15 21 22 23 32 36
4 8 10 15 22 23 32 36
4 8 10 15 21 22 23 32 36
8 10 15 22 23 25 32
8 10 15 21 22 23 25 32
4 8 10 15 22 23 25 32
4 8 10 15 21 22 23 25 32
8 10 15 22 23 32
8 10 15 21 22 23 32
4 8 10 15 22 23 32
4 8 10 15 21 22 23 32
10 14 19 22 25 32 34 35 36
10 14 19 21 22 25 32 34 35 36
4 10 14 19 22 25 32 34 35 36
10 15 19 22 25 32 35 36
10 15 19 21 22 25 32 35 36
4 10 15 19 22 25 32 35 36
8 10 14 19 21 22 23 25 32 34 36
4 8 10 14 19 21 22 23 25 32 34 36
1 4 8 10 14 19 21 22 23 25 28 31 32 34 35 36
1 8 10 14 17 19 21 22 23 25 28 31 32 34 35 36
1 4 8 10 14 17 19 21 22 23 25 28 31 32 34 35 36
8 10 15 19 21 22 23 25 32 36
4 8 10 15 19 21 22 23 25 32 36
10 14 19 22 32 34 35 36
10 14 19 21 22 32 34 35 36
4 10 14 19 22 32 34 35 36
3 4 10 14 19 22 32 34 35 36
4 10 14 19 21 22 32 34 35 36
3 4 10 14 19 21 22 32 34 35 36
10 15 19 22 32 35 36
10 15 19 21 22 32 35 36
4 10 15 19 22 32 35 36
3 4 10 15 19 22 32 35 36
4 10 15 19 21 22 32 35 36
3 4 10 15 19 21 22 32 35 36
8 10 14 19 21 22 23 32 34 36
4 8 10 14 19 21 22 23 32 34 36
1 8 10 14 19 21 22 23 28 31 32 34 35 36
1 4 8 10 14 19 21 22 23 31 32 34 35 36
1 8 10 14 17 19 21 22 23 28 31 32 34 35 36
1 4 8 10 14 17 19 21 22 23 31 32 34 35 36
8 10 15 19 21 22 23 32 36
4 8 10 15 19 21 22 23 32 36
1 4 8 15 19 21 22 23 25 32 33 35 36
1 8 15 17 19 21 22 23 25 32 33 35 36
1 4 8 15 17 19 21 22 23 25 32 33 35 36
1 8 15 19 21 22 23 32 33 35 36
1 3 8 15 19 21 22 23 32 33 35 36
1 4 8 15 19 21 22 23 32 33 35 36
1 8 15 17 19 21 22 23 32 33 35 36
1 3 8 15 17 19 21 22 23 32 33 35 36
1 4 8 15 17 19 21 22 23 32 33 35 36
10 15 19 22 25 32 35
10 15 19 21 22 25 32 35
4 10 15 19 22 25 32 35
1 8 10 15 19 21 22 23 25 32 35
1 4 8 10 15 19 21 22 23 25 32 35
1 8 10 15 17 19 21 22 23 25 32 35
10 15 19 22 32 35
10 15 19 21 22 32 35
4 10 15 19 22 32 35
3 4 10 15 19 22 32 35
4 10 15 19 21 22 32 35
3 4 10 15 19 21 22 32 35
1 8 10 15 19 21 22 23 32 35
1 4 8 10 15 19 21 22 23 32 35
1 3 4 8 10 15 19 21 22 23 32 35
1 8 10 15 17 19 21 22 23 32 35
5 8 10 14 21 22 23 25 32 34 36
5 8 10 15 21 22 23 25 32 36
5 8 10 14 22 23 32 34 36
5 8 10 14 21 22 23 32 34 36
5 8 10 15 22 23 32 36
5 8 10 15 21 22 23 32 36
5 8 10 15 22 23 25 32
5 8 10 15 22 23 32
5 8 10 15 21 22 23 32
0 4 5 8 10 14 22 23 32 34 36
0 4 5 8 10 15 22 23 32 36
0 4 5 8 10 15 22 23 32
5 10 14 19 22 25 32 34 35 36
5 10 14 19 21 22 25 32 34 35 36
5 10 15 19 22 25 32 35 36
5 10 15 19 21 22 25 32 35 36
5 10 14 19 22 32 34 35 36
5 10 14 19 21 22 32 34 35 36
5 6 10 14 19 21 22 32 34 35 36
5 10 15 19 22 32 35 36
5 10 15 19 21 22 32 35 36
5 8 10 14 19 21 22 23 32 34 36
1 5 8 10 14 19 21 22 23 31 32 34 35 36
1 3 5 8 10 14 19 21 22 23 28 31 32 34 35 36
1 3 5 8 10 14 17 19 21 22 23 28 31 32 34 35 36
5 8 10 15 19 21 22 23 32 36
5 10 15 19 22 25 32 35
5 10 15 19 22 32 35
5 10 15 19 21 22 32 35
4 5 6 10 15 19 21 22 32 35
1 5 8 10 15 19 21 22 23 32 35
1 3 5 8 10 15 19 21 22 23 32 35
1 5 8 10 15 17 19 21 22 23 32 35
1 3 5 8 10 15 17 19 21 22 23 32 35
0 2 5 10 15 19 22 25 32 34 35 36
0 3 5 10 15 19 22 25 32 34 35 36
0 3 5 10 15 19 22 32 34 35 36
0 4 5 10 14 19 22 32 34 35 36
0 4 5 10 15 19 22 32 35 36
0 2 5 10 15 19 22 25 28 32 34 35
0 3 5 10 15 19 22 25 28 32 34 35
0 3 5 10 15 19 22 28 32 34 35
0 4 5 10 15 19 22 32 35
14 19 22 25 27 31 34 35
14 19 22 25 27 31 35
8 14 19 22 23 25 27 34
1 8 14 19 22 23 25 27 35
1 8 14 19 22 23 27 35
1 4 8 14 19 22 23 27 35
1 5 14 19 22 25 27 34 35
4 5 6 14 19 22 25 27 34 35
3 4 5 14 19 22 27 34 35
3 4 5 14 19 22 27 35
1 5 8 14 19 22 23 27 35
1 3 4 5 8 14 19 22 23 27 35
1 5 8 14 17 19 22 23 27 35
1 3 4 5 8 14 17 19 22 23 27 35
11 12 14 22 25 27 34
5 11 12 14 22 25 27 34
8 11 14 22 23 25 27 34
8 11 14 22 23 27 34
8 11 14 22 23 27
11 14 19 22 25 27 34 35
11 14 19 22 27 34 35
8 11 14 19 22 23 27 34
1 8 11 14 19 22 23 27 35
5 8 11 14 22 23 27 34
5 8 11 14 22 23 27
5 11 14 19 22 25 27 34 35
4 14 19 22 25 34 35 37
14 19 22 25 28 31 34 35 37
8 14 19 22 23 25 34 37
14 19 22 28 31 34 35 37
4 14 19 22 28 31 34 35 37
8 14 19 22 23 34 37
5 14 19 22 25 31 34 35 37
2 5 14 19 22 25 35 37
3 5 14 19 22 25 35 37
3 4 5 14 19 22 34 35 37
5 14 19 22 31 34 35 37
3 4 5 14 19 22 28 31 34 35 37
3 5 14 19 22 35 37
5 8 14 19 22 23 34 37
8 14 22 23 25 27 34 37
8 14 22 23 27 34 37
14 19 22 25 27 34 35 37
14 19 22 25 27 28 34 35 37
4 14 19 22 25 27 28 34 35 37
14 19 22 25 27 31 34 35 37
8 14 19 22 23 25 27 34 37
1 8 14 19 22 23 25 27 34 35 37
1 4 8 14 17 19 22 23 25 27 34 35 37
1 8 14 19 22 23 25 27 31 34 35 37
1 8 14 17 19 22 23 25 27 31 34 35 37
8 14 19 22 23 25 27 37
1 14 19 22 27 34 37
4 14 19 22 27 34 35 37
4 14 19 22 27 28 34 35 37
14 19 22 27 31 34 35 37
14 19 22 27 28 31 34 35 37
4 14 19 22 27 31 34 35 37
4 14 19 22 27 28 31 34 35 37
8 14 19 22 23 27 34 37
1 8 14 19 22 23 27 34 35 37
1 4 8 14 19 22 23 27 34 35 37
1 8 14 19 22 23 27 31 34 35 37
1 4 8 14 19 22 23 27 31 34 35 37
8 14 19 22 23 27 37
5 8 14 22 23 25 27 34 37
1 5 14 17 22 27 34 37
5 8 14 22 23 27 34 37
5 14 19 22 25 27 34 35 37
2 5 14 19 22 25 27 34 35 37
3 5 14 19 22 25 27 34 35 37
5 6 14 19 22 25 27 34 35 37
2 5 14 19 22 25 27 35 37
3 5 14 19 22 25 27 35 37
4 5 6 14 19 22 25 27 35 37
1 5 14 19 22 27 34 37
3 5 14 19 22 27 34 35 37
4 5 14 19 22 27 34 35 37
3 4 5 14 19 22 27 34 35 37
3 4 5 14 19 22 27 28 34 35 37
5 14 19 22 27 31 34 35 37
3 4 5 14 19 22 27 31 34 35 37
4 5 6 14 19 22 27 31 34 35 37
3 5 14 19 22 27 35 37
3 4 5 14 19 22 27 35 37
5 8 14 19 22 23 27 34 37
1 5 8 14 19 22 23 27 34 35 37
1 3 4 5 8 14 19 22 23 27 34 35 37
1 3 4 5 8 14 17 19 22 23 27 34 35 37
1 5 8 14 19 22 23 27 31 34 35 37
1 3 4 5 8 14 19 22 23 27 31 34 35 37
1 5 8 14 17 19 22 23 27 31 34 35 37
5 8 14 19 22 23 27 37
8 11 14 22 23 34 37
11 14 19 22 34 35 37
11 14 19 22 28 31 34 35 37
8 11 14 19 22 23 34 37
5 8 11 14 22 23 34 37
5 11 14 19 22 31 34 35 37
8 11 14 22 23 27 34 37
11 14 19 22 27 34 35 37
1 8 11 14 17 19 22 23 27 34 35 37
1 8 11 14 17 19 22 23 27 31 34 35 37
5 8 11 14 22 23 27 34 37
5 11 14 19 22 27 31 34 35 37
9 10 12 16 25 34 36 38
9 12 14 25 33 34 36 38
9 12 14 21 25 33 36 38
6 9 12 14 33 34 36 38
9 12 14 21 33 36 38
9 10 12 16 18 34 38
4 6 7 8 9 10 12 16 34 38
6 7 8 9 10 12 16 38
6 7 8 9 10 12 14 34 36 38
4 6 7 8 9 10 12 14 34 36 38
2 4 6 7 8 9 12 14 25 34 35 38
3 4 6 7 8 9 12 14 25 34 35 38
2 6 7 8 9 12 14 25 35 38
2 4 6 7 8 9 12 14 25 35 38
3 4 6 7 8 9 12 14 25 35 38
4 6 7 8 9 12 14 34 35 38
6 7 8 9 12 14 17 34 35 38
4 6 7 8 9 12 14 23 34 35 38
6 7 8 9 12 14 23 35 38
4 6 7 8 9 12 14 23 35 38
0 3 6 7 8 9 10 12 16 25 35 38
0 2 4 6 7 8 9 10 12 16 25 35 38
0 6 7 8 9 10 12 16 35 38
0 4 6 7 8 9 10 12 16 23 35 38
0 2 6 7 8 9 10 12 14 25 34 35 36 38
0 3 4 6 7 8 9 10 12 14 25 34 35 36 38
0 2 6 7 8 9 10 12 14 17 25 34 35 36 38
0 3 6 7 8 9 10 12 14 17 25 34 35 36 38
0 6 7 8 9 10 12 14 35 36 38
0 4 6 7 8 9 10 12 14 35 36 38
0 4 6 7 8 9 10 12 14 23 35 36 38
0 2 6 7 8 9 10 12 14 25 28 34 35 38
0 3 4 6 7 8 9 10 12 14 25 28 34 35 38
0 6 7 8 9 10 12 14 35 38
0 4 6 7 8 9 10 12 14 35 38
0 4 6 7 8 9 10 12 14 23 35 38
2 4 6 7 8 9 12 14 19 25 35 38
0 2 6 7 8 9 10 12 16 19 25 28 34 35 38
0 2 4 6 7 8 9 10 12 16 19 25 35 38
9 10 12 14 18 24 25 38
9 10 12 14 18 24 34 38
9 10 12 14 18 24 38
9 12 14 18 24 25 38
9 12 14 18 24 34 38
9 12 14 18 24 38
6 7 8 9 12 14 24 33 34 36 38
3 5 9 10 12 16 25 38
2 5 6 9 10 12 16 25 38
2 4 5 6 9 10 12 16 25 38
2 4 5 6 9 10 12 14 25 38
2 4 5 6 9 12 14 25 38
5 7 8 9 10 12 16 34 38
4 5 7 8 9 10 12 16 38
5 6 7 8 9 10 12 14 34 36 38
4 5 7 8 9 10 12 14 36 38
3 5 6 7 8 9 10 12 14 25 34 38
3 4 5 6 7 8 9 10 12 14 25 38
3 4 5 6 7 8 9 12 14 25 38
0 5 7 8 9 10 12 16 38
5 9 10 12 14 18 24 38
5 9 12 14 18 24 25 38
5 9 12 14 18 24 34 38
5 9 12 14 18 24 38
2 4 6 7 8 9 12 14 25 27 34 35 38
3 4 6 7 8 9 12 14 25 27 34 35 38
2 4 6 7 8 9 12 14 25 27 35 38
3 4 6 7 8 9 12 14 25 27 35 38
4 6 7 8 9 12 14 27 34 38
4 6 7 8 9 12 14 27 34 35 38
4 6 7 8 9 12 14 23 27 34 35 38
4 6 7 8 9 12 14 27 35 38
4 6 7 8 9 12 14 23 27 35 38
2 4 6 7 8 9 12 14 19 25 27 35 38
9 12 14 18 24 27 38
2 4 5 6 9 12 14 25 27 38
4 5 7 8 9 12 14 27 34 38
4 5 6 7 8 9 12 14 27 34 38
4 5 6 7 8 9 12 14 27 38
9 10 16 25 32 34 36 38
9 10 16 21 25 32 34 36 38
9 10 16 32 34 36 38
9 10 16 21 32 34 36 38
9 16 25 33 34 36 38
1 9 16 17 21 25 32 33 34 36 38
9 16 33 34 36 38
1 9 16 17 21 32 33 34 36 38
6 9 16 33 34 36 38
1 9 10 16 17 38
9 10 14 21 25 32 34 36 38
9 10 14 21 25 32 34 35 36 38
1 9 10 14 17 21 25 32 34 36 38
9 10 14 21 32 34 36 38
9 10 14 21 32 34 35 36 38
1 9 10 14 17 21 32 34 36 38
4 6 9 10 15 21 34 36 38
9 14 21 25 33 36 38
1 3 9 14 17 21 25 33 36 38
6 9 14 21 25 33 36 38
1 9 14 17 21 33 36 38
6 9 14 21 33 36 38
1 9 14 19 21 25 32 33 34 36 38
1 9 14 19 21 25 33 35 36 38
1 9 14 19 21 32 33 34 36 38
1 9 14 17 19 21 32 33 34 36 38
1 9 14 19 21 33 35 36 38
1 9 14 17 19 21 33 35 36 38
1 9 10 14 19 21 25 32 34 35 38
1 9 10 15 19 21 25 32 34 35 38
1 9 10 15 19 25 35 38
1 9 10 14 19 21 32 34 35 38
1 9 10 15 19 21 32 34 35 38
1 9 10 15 19 35 38
1 9 10 14 19 21 32 35 38
1 9 10 14 17 19 38
1 9 10 14 17 19 35 38
1 9 10 15 17 19 35 38
4 6 7 8 9 10 16 34 38
6 7 8 9 10 16 21 38
6 7 8 9 10 15 34 36 38
6 7 8 9 10 14 21 34 36 38
6 7 8 9 10 15 21 34 36 38
4 6 7 8 9 10 14 34 36 38
4 6 7 8 9 10 15 34 36 38
6 7 8 9 14 21 33 36 38
6 7 8 9 10 15 21 34 38
4 6 7 8 9 10 15 34 38
6 7 8 9 14 17 34 35 38
4 6 7 8 9 14 23 35 38
0 2 6 7 8 9 10 16 25 35 38
0 3 6 7 8 9 10 16 25 35 38
0 6 7 8 9 10 16 35 38
0 4 6 7 8 9 10 16 21 23 35 38
0 4 6 7 8 9 10 16 23 32 35 38
0 6 7 8 9 10 14 17 34 35 36 38
0 6 7 8 9 10 14 17 21 34 35 36 38
0 4 6 7 8 9 10 14 17 34 35 36 38
0 6 7 8 9 10 14 17 32 34 35 36 38
0 6 7 8 9 10 14 17 21 32 34 35 36 38
0 4 6 7 8 9 10 14 17 21 32 34 35 36 38
0 4 6 7 8 9 10 14 23 34 35 36 38
0 4 6 7 8 9 10 14 21 23 34 35 36 38
0 4 6 7 8 9 10 14 21 23 32 34 35 36 38
0 6 7 8 9 10 14 35 36 38
0 6 7 8 9 10 15 35 36 38
0 6 7 8 9 10 15 21 35 36 38
0 4 6 7 8 9 10 14 35 36 38
0 4 6 7 8 9 10 15 35 36 38
0 4 6 7 8 9 10 15 21 35 36 38
0 6 7 8 9 10 15 21 32 35 36 38
0 4 6 7 8 9 10 14 23 35 36 38
0 4 6 7 8 9 10 15 23 35 36 38
0 4 6 7 8 9 10 14 21 23 35 36 38
0 4 6 7 8 9 10 15 21 23 35 36 38
0 6 7 8 9 10 14 35 38
0 6 7 8 9 10 15 35 38
0 6 7 8 9 10 15 21 35 38
0 4 6 7 8 9 10 14 35 38
0 4 6 7 8 9 10 15 35 38
0 6 7 8 9 10 14 21 32 35 38
0 4 6 7 8 9 10 15 21 32 35 38
0 4 6 7 8 9 10 14 23 35 38
0 4 6 7 8 9 10 15 23 35 38
0 4 6 7 8 9 10 15 21 23 35 38
0 6 7 8 9 10 14 21 23 32 35 38
2 6 7 8 9 14 19 25 34 35 38
2 4 6 7 8 9 14 19 25 34 35 38
3 4 6 7 8 9 14 19 25 34 35 38
2 6 7 8 9 14 19 25 35 38
2 4 6 7 8 9 14 19 25 35 38
3 4 6 7 8 9 14 19 25 35 38
0 2 6 7 8 9 10 16 19 21 25 28 34 35 38
0 2 4 6 7 8 9 10 16 19 25 35 38
0 2 6 7 8 9 10 14 19 25 34 35 36 38
0 2 6 7 8 9 10 15 19 25 34 35 36 38
0 2 6 7 8 9 10 14 19 21 25 34 35 36 38
0 2 6 7 8 9 10 15 19 21 25 34 35 36 38
0 3 4 6 7 8 9 10 14 19 25 34 35 36 38
0 3 4 6 7 8 9 10 15 19 25 34 35 36 38
0 3 4 6 7 8 9 10 14 19 21 25 34 35 36 38
0 3 4 6 7 8 9 10 15 19 21 25 34 35 36 38
0 3 6 7 8 9 10 15 19 21 25 32 34 35 36 38
0 2 6 7 8 9 10 14 17 19 21 25 34 35 36 38
0 3 6 7 8 9 10 14 17 19 21 25 34 35 36 38
0 4 6 7 8 9 10 14 19 34 35 36 38
0 4 6 7 8 9 10 14 19 21 32 34 35 36 38
0 4 6 7 8 9 10 14 19 35 36 38
0 4 6 7 8 9 10 15 19 35 36 38
0 4 6 7 8 9 10 14 19 21 35 36 38
0 4 6 7 8 9 10 15 19 21 35 36 38
0 4 6 7 8 9 10 15 19 21 32 35 36 38
0 2 6 7 8 9 10 14 19 25 28 34 35 38
0 2 6 7 8 9 10 15 19 25 28 34 35 38
0 2 6 7 8 9 10 15 19 21 25 28 34 35 38
0 3 4 6 7 8 9 10 14 19 25 28 34 35 38
0 3 4 6 7 8 9 10 15 19 25 28 34 35 38
0 3 4 6 7 8 9 10 15 19 21 25 28 32 34 35 38
0 4 6 7 8 9 10 14 19 35 38
0 4 6 7 8 9 10 15 19 35 38
0 4 6 7 8 9 10 15 19 21 32 35 38
9 10 14 18 24 34 38
6 7 8 9 14 24 33 34 36 38
1 5 9 10 16 17 25 38
1 3 5 9 10 16 17 25 38
2 5 6 9 10 16 21 25 38
5 9 10 14 21 25 32 34 36 38
5 9 10 14 21 25 32 34 35 36 38
5 9 10 14 21 32 34 36 38
5 9 10 14 21 32 34 35 36 38
4 5 6 9 10 14 21 34 36 38
4 5 6 9 10 15 21 34 36 38
5 6 9 10 15 21 32 34 36 38
1 3 5 9 10 14 17 25 38
1 3 5 9 10 14 19 21 25 32 34 35 38
1 5 9 10 14 19 21 25 32 35 38
1 5 9 10 14 19 21 32 34 35 38
1 5 9 10 15 19 35 38
1 5 9 10 14 19 21 32 35 38
1 3 5 9 14 19 25 35 38
5 7 8 9 10 15 34 36 38
5 7 8 9 10 14 21 34 36 38
5 7 8 9 10 15 21 34 36 38
5 7 8 9 10 14 21 32 34 36 38
5 6 7 8 9 10 15 34 36 38
5 6 7 8 9 10 14 21 34 36 38
5 6 7 8 9 10 15 21 34 36 38
5 7 8 9 10 15 21 36 38
5 7 8 9 10 14 21 32 34 38
5 6 7 8 9 10 15 21 34 38
5 7 8 9 10 14 21 32 38
3 5 6 7 8 9 14 25 38
0 5 7 8 9 10 16 38
4 5 7 8 9 10 14 19 34 35 36 38
4 5 7 8 9 10 14 19 32 34 35 36 38
4 5 7 8 9 10 14 19 35 36 38
4 5 7 8 9 10 15 19 35 36 38
4 5 7 8 9 10 14 19 21 35 36 38
4 5 7 8 9 10 15 19 21 35 36 38
3 5 6 7 8 9 10 14 19 25 34 38
4 5 7 8 9 10 15 19 35 38
3 6 7 8 9 14 25 27 35 38
4 6 7 8 9 14 27 34 35 38
6 7 8 9 14 17 27 34 35 38
4 6 7 8 9 14 17 27 34 35 38
6 7 8 9 14 23 27 34 35 38
4 6 7 8 9 14 23 27 34 35 38
4 6 7 8 9 14 23 27 35 38
3 6 7 8 9 14 19 25 27 34 35 38
3 6 7 8 9 14 19 25 27 35 38
4 6 7 8 9 14 19 27 34 35 38
4 6 7 8 9 14 19 27 35 38
1 5 9 14 17 25 27 34 38
1 3 5 9 14 17 25 27 34 38
1 5 9 14 19 27 34 35 38
4 5 7 8 9 14 19 27 34 35 38
4 5 7 8 9 14 19 27 35 38
9 10 11 12 14 24 34 36 38
9 10 11 12 14 18 24 25 38
9 10 11 12 14 18 24 34 38
9 10 11 12 14 18 24 38
6 7 8 9 10 11 12 14 24 34 36 38
6 7 8 9 11 12 14 24 33 34 36 38
5 6 9 10 11 12 14 24 34 36 38
1 9 11 14 19 25 34 35 38
1 9 11 14 19 34 38
1 9 11 14 19 35 38
6 7 8 9 10 11 15 34 36 38
6 7 8 9 10 11 15 19 34 38
6 7 8 9 10 11 14 18 21 38
9 10 11 14 24 34 36 38
9 10 11 14 18 24 34 38
6 7 8 9 10 11 14 24 34 36 38
6 7 8 9 11 14 24 33 34 36 38
5 6 9 10 11 15 34 36 38
5 6 9 10 11 14 24 34 36 38
5 6 9 10 11 14 18 21 24 25 38
5 6 9 10 11 14 18 24 38
5 6 9 10 11 14 18 21 24 38
5 6 9 10 11 14 18 19 24 34 38
1 9 11 14 19 27 34 38
1 9 11 14 19 27 34 35 38
2 6 7 8 9 12 14 25 35 37 38
3 6 7 8 9 12 14 25 35 37 38
2 4 6 7 8 9 12 14 25 35 37 38
3 4 6 7 8 9 12 14 25 35 37 38
4 6 7 8 9 12 14 34 35 37 38
4 6 7 8 9 12 14 17 34 35 37 38
4 6 7 8 9 12 14 23 34 35 37 38
6 7 8 9 12 14 17 23 34 35 37 38
6 7 8 9 12 14 35 37 38
4 6 7 8 9 12 14 37 38
4 6 7 8 9 12 14 35 37 38
4 5 7 8 9 12 14 34 37 38
4 5 6 7 8 9 12 14 37 38
4 6 9 12 14 27 28 34 37 38
9 12 14 18 27 37 38
2 4 6 7 8 9 12 14 25 27 35 37 38
3 4 6 7 8 9 12 14 25 27 35 37 38
3 4 6 7 8 9 12 14 27 34 35 37 38
4 6 7 8 9 12 14 23 27 34 35 37 38
3 4 6 7 8 9 12 14 23 27 34 35 37 38
4 6 7 8 9 12 14 27 37 38
4 6 7 8 9 12 14 27 35 37 38
4 6 7 8 9 12 14 23 27 35 37 38
2 3 4 6 7 8 9 12 14 19 25 27 34 35 37 38
2 4 6 7 8 9 12 14 19 25 27 35 37 38
9 12 14 18 24 27 37 38
2 4 5 6 9 12 14 25 27 34 37 38
3 5 9 12 14 25 27 37 38
4 5 6 9 12 14 25 27 37 38
2 4 5 6 9 12 14 25 27 37 38
3 4 5 6 7 8 9 12 14 25 27 37 38
5 7 8 9 12 14 27 28 34 37 38
4 5 7 8 9 12 14 27 28 34 37 38
4 5 7 8 9 12 14 27 37 38
4 5 6 7 8 9 12 14 27 37 38
6 7 8 9 14 23 34 35 37 38
4 6 7 8 9 14 23 34 35 37 38
6 7 8 9 14 17 23 34 35 37 38
2 6 7 8 9 14 19 25 35 37 38
3 6 7 8 9 14 19 25 35 37 38
2 4 6 7 8 9 14 19 25 35 37 38
3 4 6 7 8 9 14 19 25 35 37 38
4 6 7 8 9 14 19 34 35 37 38
4 6 7 8 9 14 17 19 34 35 37 38
5 7 8 9 14 19 34 35 37 38
4 5 7 8 9 14 19 34 35 37 38
4 5 7 8 9 14 19 31 34 35 37 38
1 9 14 17 27 37 38
1 9 14 19 25 27 35 37 38
1 9 14 19 27 35 37 38
2 6 7 8 9 14 25 27 35 37 38
3 6 7 8 9 14 25 27 35 37 38
6 7 8 9 14 27 34 35 37 38
4 6 7 8 9 14 27 34 37 38
4 6 7 8 9 14 27 34 35 37 38
6 7 8 9 14 17 27 34 35 37 38
4 6 7 8 9 14 17 27 34 35 37 38
4 6 7 8 9 14 23 27 34 35 37 38
4 6 7 8 9 14 27 37 38
4 6 7 8 9 14 27 35 37 38
6 7 8 9 14 23 27 35 37 38
4 6 7 8 9 14 23 27 35 37 38
2 6 7 8 9 14 19 25 27 34 35 37 38
3 6 7 8 9 14 19 25 27 34 35 37 38
2 4 6 7 8 9 14 19 25 27 34 35 37 38
3 4 6 7 8 9 14 19 25 27 34 35 37 38
2 6 7 8 9 14 19 25 27 35 37 38
3 6 7 8 9 14 19 25 27 35 37 38
2 4 6 7 8 9 14 19 25 27 35 37 38
3 4 6 7 8 9 14 19 25 27 35 37 38
4 6 7 8 9 14 19 27 34 35 37 38
4 6 7 8 9 14 19 27 35 37 38
2 5 6 9 14 25 27 34 37 38
1 5 9 14 17 25 27 37 38
1 3 5 9 14 17 25 27 37 38
2 5 6 9 14 25 27 37 38
1 5 9 14 19 25 27 37 38
1 5 9 14 19 25 27 35 37 38
1 3 5 9 14 19 25 27 35 37 38
1 5 9 14 19 27 37 38
1 5 9 14 19 27 35 37 38
5 7 8 9 14 27 28 34 37 38
4 5 7 8 9 14 27 28 34 37 38
4 5 7 8 9 14 27 28 31 34 37 38
5 6 7 8 9 14 27 34 37 38
4 5 6 7 8 9 14 27 34 37 38
4 5 6 7 8 9 14 27 37 38
3 5 6 7 8 9 14 19 25 27 37 38
5 7 8 9 14 19 27 28 34 35 37 38
4 5 7 8 9 14 19 27 28 34 35 37 38
9 11 12 14 25 27 37 38
5 9 11 12 14 25 27 37 38
1 9 11 14 19 27 35 37 38
1 9 11 14 17 19 27 37 38
1 9 11 14 17 19 27 35 37 38
6 9 12 14 21 24 30 33 36 38
6 9 14 21 24 30 33 36 38
6 9 11 12 14 21 24 30 33 36 38
6 9 11 14 21 24 30 33 36 38
4 8 10 12 16 23 25 36 38
3 4 10 12 16 36 38
4 8 10 12 16 23 36 38
12 16 32 33 36 38
4 8 10 12 16 23 25 38
4 6 8 10 12 16 23 25 38
12 14 25 32 33 36 38
12 14 25 31 33 36 38
8 12 14 23 25 33 36 38
8 12 14 23 33 36 38
6 8 12 14 23 33 36 38
0 12 16 25 33 36 38
0 12 16 25 31 33 36 38
0 12 16 33 36 38
0 12 14 25 33 36 38
0 12 14 25 31 33 36 38
4 6 7 8 10 12 16 25 38
4 6 7 8 10 12 16 23 25 38
4 6 7 8 10 12 16 38
4 6 7 8 10 12 16 23 38
4 6 7 8 10 12 14 25 36 38
6 7 8 10 12 14 23 36 38
4 6 7 8 12 14 23 34 38
10 12 16 18 24 38
6 7 8 12 14 24 33 36 38
6 7 8 12 14 23 24 33 36 38
0 2 10 12 13 16 25 35 36 38
0 1 2 10 12 13 16 17 25 35 36 38
0 3 10 12 13 16 35 36 38
0 1 3 10 12 13 16 17 35 36 38
0 2 10 12 13 14 25 35 36 38
0 1 2 10 12 13 14 17 25 35 36 38
0 3 10 12 13 14 35 36 38
0 1 3 10 12 13 14 17 35 36 38
2 4 5 6 12 14 25 34 35 38
3 4 5 12 14 17 34 35 38
0 2 5 10 12 16 25 28 34 35 38
0 3 5 10 12 16 25 28 34 35 38
0 2 5 6 10 12 16 25 28 34 35 38
0 2 5 6 10 12 14 25 34 35 36 38
0 2 5 6 10 12 14 25 28 34 35 38
3 4 5 12 14 17 19 25 34 35 38
3 4 5 6 7 8 12 14 25 34 35 38
4 5 6 7 8 12 14 23 34 38
0 3 4 5 6 7 8 10 12 16 25 28 34 35 38
0 3 4 5 6 7 8 10 12 14 25 34 35 36 38
0 3 4 5 6 7 8 10 12 14 25 28 34 35 38
12 14 17 25 27 31 34 38
8 12 14 18 23 27 34 38
4 6 7 8 12 14 25 27 34 38
4 6 7 8 12 14 23 27 34 38
12 14 18 24 27 34 38
2 4 5 6 12 14 25 27 34 35 38
4 5 6 8 12 14 23 25 27 34 38
3 4 5 12 14 17 27 34 35 38
3 4 5 12 14 17 19 25 27 34 35 38
4 5 6 7 8 12 14 25 27 34 38
3 4 5 6 7 8 12 14 25 27 34 35 38
4 5 6 7 8 12 14 27 34 35 38
4 5 6 7 8 12 14 23 27 34 38
4 5 6 7 8 12 14 19 25 27 34 35 38
4 8 10 16 23 25 36 38
4 8 10 16 21 23 25 36 38
3 4 10 16 21 36 38
4 8 10 16 21 23 36 38
4 16 25 33 36 38
4 8 16 23 25 33 36 38
4 8 16 21 23 25 33 36 38
1 16 17 32 33 36 38
4 8 16 23 33 36 38
4 8 16 21 23 33 36 38
10 14 21 25 28 32 34 36 38
10 14 21 25 26 28 32 34 36 38
4 8 10 14 21 23 25 36 38
8 10 14 21 23 25 32 36 38
4 8 10 14 21 23 25 32 36 38
10 14 21 28 32 34 36 38
10 14 21 26 28 32 34 36 38
1 10 14 17 32 34 36 38
4 6 10 14 21 32 34 36 38
1 10 14 17 21 32 36 38
8 10 14 21 23 32 34 36 38
8 10 14 21 23 32 36 38
4 8 10 14 21 23 32 36 38
4 8 14 23 25 33 36 38
6 8 14 21 23 25 33 36 38
1 14 32 33 35 36 38
1 14 17 32 33 36 38
0 1 16 33 35 36 38
0 4 8 16 23 33 35 36 38
0 14 25 32 33 36 38
0 15 25 32 33 36 38
0 6 14 21 25 33 36 38
0 1 14 33 35 36 38
0 14 32 33 36 38
0 15 32 33 36 38
0 4 8 14 23 33 35 36 38
10 14 19 21 25 28 32 34 36 38
10 14 17 19 25 32 34 35 36 38
1 10 14 17 19 25 32 34 36 38
10 14 19 20 25 31 32 34 35 36 38
1 10 14 19 20 25 31 32 34 35 36 38
10 14 19 25 26 32 35 36 38
10 14 19 21 25 32 35 36 38
10 14 19 20 25 31 32 35 36 38
10 14 19 21 28 34 36 38
10 14 19 26 32 34 35 36 38
10 14 19 21 32 34 35 36 38
10 14 19 21 28 32 34 36 38
4 6 10 14 19 32 34 35 36 38
4 6 10 14 19 21 32 34 35 36 38
3 4 10 14 19 21 35 36 38
10 14 19 21 32 35 36 38
4 10 14 19 21 32 35 36 38
3 4 10 14 19 21 32 35 36 38
8 10 14 19 21 23 32 34 36 38
1 14 19 25 32 33 35 36 38
1 14 17 19 25 32 33 36 38
1 14 19 20 25 31 32 33 35 36 38
4 8 14 19 21 23 25 33 36 38
8 14 19 21 23 25 32 33 36 38
4 8 14 19 21 23 25 32 33 36 38
8 14 19 21 23 33 36 38
4 8 14 19 21 23 33 36 38
8 14 19 21 23 32 33 36 38
4 8 14 19 21 23 32 33 36 38
0 1 16 19 25 33 35 36 38
0 1 16 19 25 31 33 35 36 38
0 4 8 16 19 23 25 33 35 36 38
0 4 8 16 19 23 25 31 33 35 36 38
6 7 8 10 14 21 34 36 38
6 7 8 10 14 21 32 34 36 38
6 7 8 10 14 21 23 34 36 38
6 7 8 10 14 21 23 32 34 36 38
6 7 8 10 14 21 23 36 38
0 6 7 8 15 25 33 36 38
4 6 7 8 10 14 19 25 34 35 36 38
4 6 7 8 10 14 19 25 35 36 38
6 7 8 10 14 19 32 34 35 36 38
10 14 18 24 34 36 38
6 7 8 14 21 24 32 33 36 38
6 7 8 14 21 23 24 32 33 36 38
6 7 8 14 19 21 24 32 33 35 36 38
0 1 2 13 16 17 25 33 35 36 38
0 1 2 13 14 17 25 33 35 36 38
0 1 3 13 14 17 21 25 33 35 36 38
0 1 3 13 14 17 21 33 35 36 38
0 10 16 25 29 31 36 38
5 6 10 14 21 25 32 34 36 38
3 5 10 14 21 28 32 34 36 38
3 5 10 14 21 26 28 32 34 36 38
5 10 14 17 32 34 35 36 38
1 5 10 14 17 32 34 36 38
5 10 14 17 21 32 34 35 36 38
1 5 10 14 17 21 32 34 35 36 38
3 5 10 14 17 21 28 32 34 35 36 38
3 5 10 14 17 21 26 28 32 34 35 36 38
4 5 6 10 14 21 32 34 36 38
4 5 6 10 14 17 34 35 36 38
5 6 10 14 17 21 32 34 35 36 38
4 5 6 10 14 17 21 32 34 35 36 38
5 6 8 10 14 21 23 32 34 36 38
0 3 5 10 16 25 28 32 34 35 38
0 2 5 10 16 17 25 28 32 34 35 38
0 2 5 6 10 16 25 28 34 35 38
0 3 5 10 16 28 32 34 35 38
0 4 5 6 8 10 14 23 34 36 38
0 3 5 10 14 25 28 32 34 35 38
0 2 5 10 14 17 25 28 32 34 35 38
0 2 5 6 10 14 25 28 34 35 38
0 3 5 10 14 28 32 34 35 38
5 10 14 17 19 25 32 34 35 36 38
1 5 10 14 17 19 25 32 34 35 36 38
3 5 10 14 17 19 25 28 32 34 35 36 38
5 10 14 17 19 20 25 32 34 35 36 38
1 5 10 14 17 19 20 25 32 34 35 36 38
3 5 10 14 17 19 20 25 28 32 34 35 36 38
3 5 10 14 17 19 25 26 28 32 34 35 36 38
5 6 10 14 19 25 32 34 35 36 38
4 5 6 10 14 19 25 32 34 35 36 38
4 5 6 10 14 17 19 25 34 35 36 38
5 6 10 14 17 19 25 32 34 35 36 38
4 5 6 10 14 17 19 25 32 34 35 36 38
5 10 14 19 21 32 34 36 38
3 5 10 14 19 21 28 32 34 36 38
4 5 6 10 14 19 21 32 34 35 36 38
5 6 8 10 14 19 21 23 31 32 34 35 36 38
2 4 5 6 14 19 25 34 35 38
0 2 5 10 14 19 25 32 34 35 36 38
0 3 5 10 14 19 25 32 34 35 36 38
0 2 5 6 10 14 19 25 34 35 36 38
0 2 5 6 10 15 19 25 34 35 36 38
0 2 5 10 14 19 25 28 32 34 35 38
0 3 5 10 14 19 25 28 32 34 35 38
0 2 5 6 10 14 19 25 28 34 35 38
0 2 5 6 10 15 19 25 28 34 35 38
5 6 7 8 10 14 17 34 35 36 38
5 6 7 8 10 14 17 21 34 35 36 38
5 6 7 8 10 14 17 21 32 34 35 36 38
3 5 6 7 8 10 14 17 21 28 32 34 35 36 38
5 6 7 8 10 14 23 34 36 38
5 6 7 8 10 14 21 23 34 36 38
5 6 7 8 10 14 21 23 32 34 36 38
3 5 6 7 8 10 14 21 23 28 31 32 34 36 38
3 4 5 6 7 8 14 25 34 35 38
0 3 4 5 6 7 8 10 16 25 28 34 35 38
0 4 5 6 7 8 10 14 34 36 38
0 3 4 5 6 7 8 10 14 25 28 34 35 38
5 6 7 8 10 14 17 19 25 34 35 36 38
5 6 7 8 10 14 17 19 25 32 34 35 36 38
3 5 6 7 8 10 14 17 19 25 28 32 34 35 36 38
4 5 6 7 8 14 19 25 34 35 38
3 4 5 6 7 8 14 19 25 34 35 38
0 3 4 5 6 7 8 10 14 19 25 34 35 36 38
0 3 4 5 6 7 8 10 15 19 25 34 35 36 38
0 4 5 6 7 8 10 14 19 34 35 36 38
0 3 4 5 6 7 8 10 14 19 25 28 34 35 38
0 3 4 5 6 7 8 10 15 19 25 28 34 35 38
0 5 10 14 24 34 36 38
0 5 10 14 18 24 34 36 38
4 6 7 8 14 23 27 34 38
4 6 7 8 14 19 25 27 34 35 38
4 6 7 8 14 19 27 34 35 38
1 5 14 17 27 34 35 38
3 4 5 14 17 27 34 35 38
1 5 14 17 19 25 27 34 35 38
3 4 5 14 17 19 25 27 34 35 38
5 6 8 14 19 23 25 27 34 35 38
4 5 6 8 14 19 23 25 27 34 35 38
5 6 7 8 14 17 27 34 35 38
4 5 6 7 8 14 17 27 34 35 38
4 5 6 7 8 14 23 27 34 38
4 5 6 7 8 14 19 25 27 34 35 38
4 5 6 7 8 14 19 27 34 35 38
10 11 12 14 24 25 36 38
10 11 12 14 24 36 38
8 10 11 12 14 23 24 36 38
6 7 8 10 11 12 14 24 36 38
6 7 8 10 11 12 14 23 24 36 38
6 7 8 11 12 14 24 25 33 36 38
6 7 8 11 12 14 24 33 36 38
6 7 8 11 12 14 23 24 33 36 38
8 11 12 14 23 27 34 38
5 8 11 12 14 23 27 34 38
8 10 11 14 23 25 32 34 36 38
8 10 11 14 21 23 25 32 34 36 38
10 11 14 19 25 26 32 34 35 36 38
10 11 14 19 21 25 32 34 35 36 38
6 7 8 10 11 14 21 23 25 28 31 32 34 36 38
10 11 14 24 32 36 38
10 11 14 21 24 32 36 38
8 10 11 14 23 24 32 36 38
8 10 11 14 21 23 24 32 36 38
10 11 14 19 24 25 35 36 38
10 11 14 19 21 24 25 32 35 36 38
10 11 14 19 21 24 32 35 36 38
6 7 8 10 11 14 21 24 36 38
6 7 8 10 11 14 21 23 24 36 38
6 7 8 11 14 21 24 32 33 35 36 38
6 7 8 11 14 21 23 24 32 33 36 38
6 7 8 10 11 14 19 21 24 35 36 38
6 7 8 11 14 19 21 24 25 32 33 35 36 38
0 3 6 7 8 11 13 14 17 21 25 33 35 36 38
5 6 8 10 11 14 21 23 25 32 34 36 38
5 6 10 11 14 19 21 25 34 35 36 38
4 6 12 14 28 34 37 38
4 6 7 8 12 14 25 34 37 38
4 6 7 8 12 14 23 34 37 38
3 4 5 12 14 34 35 37 38
3 4 5 12 14 28 34 37 38
3 4 5 12 14 28 34 35 37 38
3 4 5 12 14 17 28 34 35 37 38
5 8 12 14 17 23 34 35 37 38
4 5 6 8 12 14 23 34 37 38
3 4 5 12 14 19 25 34 35 37 38
3 4 5 12 14 19 25 28 34 35 37 38
3 4 5 12 14 17 19 25 28 34 35 37 38
5 8 12 14 17 19 23 25 34 35 37 38
4 5 6 7 8 12 14 34 35 37 38
5 6 7 8 12 14 23 34 37 38
4 5 6 7 8 12 14 23 34 37 38
12 14 25 27 28 34 37 38
4 12 14 25 27 28 34 37 38
4 6 12 14 25 27 28 34 37 38
8 12 14 23 25 27 34 37 38
8 12 14 23 25 27 28 34 37 38
4 8 12 14 23 25 27 34 37 38
6 8 12 14 23 25 27 34 37 38
6 8 12 14 23 25 27 28 34 37 38
4 12 14 27 28 34 37 38
4 6 12 14 27 28 34 37 38
8 12 14 23 27 28 34 37 38
4 8 12 14 23 27 34 37 38
4 8 12 14 23 27 28 34 37 38
4 6 7 8 12 14 25 27 28 34 37 38
4 6 7 8 12 14 23 25 27 34 37 38
4 6 7 8 12 14 23 27 34 37 38
8 12 14 23 24 27 37 38
5 8 12 14 23 25 27 34 37 38
4 5 6 8 12 14 23 25 27 34 37 38
3 4 5 12 14 27 34 35 37 38
4 5 12 14 27 28 34 37 38
3 4 5 12 14 27 28 34 37 38
4 5 8 12 14 23 27 34 37 38
3 4 5 8 12 14 23 27 34 37 38
4 5 8 12 14 23 27 28 34 37 38
3 4 5 8 12 14 23 27 28 34 37 38
5 6 8 12 14 23 27 34 37 38
4 5 6 8 12 14 23 27 34 37 38
3 4 5 12 14 19 25 27 34 35 37 38
3 4 5 6 7 8 12 14 27 34 35 37 38
4 5 6 7 8 12 14 23 27 34 37 38
3 4 5 6 7 8 12 14 23 27 34 37 38
4 5 6 7 8 12 14 23 27 28 34 37 38
3 4 5 6 7 8 12 14 19 25 27 34 35 37 38
4 14 28 31 34 37 38
14 19 25 28 31 34 35 37 38
4 14 19 25 31 34 35 37 38
14 19 28 31 34 35 37 38
4 14 19 28 31 34 35 37 38
4 6 14 19 28 31 34 35 37 38
4 6 7 8 14 23 34 37 38
4 6 7 8 14 19 25 34 35 37 38
3 4 5 14 28 31 34 37 38
3 4 5 14 19 25 34 35 37 38
3 4 5 14 19 25 28 34 35 37 38
3 4 5 14 17 19 25 28 34 35 37 38
5 8 14 17 19 23 25 34 35 37 38
3 4 5 14 19 28 31 34 35 37 38
5 6 14 19 31 34 35 37 38
4 5 6 14 19 31 34 35 37 38
4 5 6 7 8 14 23 34 37 38
4 5 6 7 8 14 19 34 35 37 38
4 14 25 27 28 34 37 38
14 17 25 27 28 34 37 38
4 6 14 25 27 28 34 37 38
1 14 17 27 34 37 38
4 14 27 28 31 34 37 38
14 19 25 27 28 34 35 37 38
4 14 19 25 27 28 34 35 37 38
14 19 25 27 31 34 35 37 38
1 14 19 25 27 31 34 35 37 38
14 19 25 27 28 31 34 35 37 38
4 6 14 19 25 27 28 34 35 37 38
8 14 19 23 25 27 28 31 34 35 37 38
6 8 14 19 23 25 27 28 31 34 35 37 38
14 19 27 28 34 35 37 38
4 14 19 27 28 34 35 37 38
14 19 27 28 31 34 37 38
14 19 27 28 31 34 35 37 38
4 14 19 27 28 31 34 35 37 38
4 6 14 19 27 28 34 35 37 38
4 6 14 19 27 31 34 35 37 38
8 14 19 23 27 28 31 34 35 37 38
4 8 14 19 23 27 28 31 34 35 37 38
4 6 7 8 14 25 27 28 34 37 38
4 6 7 8 14 23 25 27 34 37 38
4 6 7 8 14 23 27 34 37 38
4 6 7 8 14 19 25 27 28 34 35 37 38
4 6 7 8 14 19 27 34 35 37 38
14 18 24 27 34 37 38
4 5 6 8 14 23 25 27 34 37 38
3 4 5 14 27 28 34 37 38
1 5 14 17 27 34 35 37 38
3 4 5 14 17 27 28 34 35 37 38
3 4 5 14 27 28 31 34 37 38
5 6 14 17 27 34 35 37 38
4 5 6 14 17 27 34 35 37 38
3 4 5 8 14 23 27 34 37 38
5 8 14 17 23 27 34 35 37 38
4 5 6 8 14 23 27 34 37 38
5 14 17 19 25 27 34 35 37 38
1 5 14 17 19 25 27 34 35 37 38
3 4 5 14 17 19 25 27 28 34 35 37 38
4 5 6 14 19 25 27 34 35 37 38
2 4 5 6 14 19 25 27 34 35 37 38
5 8 14 17 19 23 25 27 34 35 37 38
3 4 5 14 19 27 28 34 35 37 38
3 4 5 14 19 27 28 31 34 35 37 38
5 8 14 19 23 27 34 35 37 38
3 4 5 8 14 19 23 27 28 31 34 35 37 38
5 6 8 14 19 23 27 34 35 37 38
5 6 8 14 19 23 27 31 34 35 37 38
4 5 6 7 8 14 27 34 37 38
4 5 6 7 8 14 27 34 35 37 38
4 5 6 7 8 14 27 28 34 35 37 38
5 6 7 8 14 17 27 34 35 37 38
4 5 6 7 8 14 17 27 34 35 37 38
4 5 6 7 8 14 23 27 34 37 38
3 4 5 6 7 8 14 23 27 34 37 38
5 6 7 8 14 19 25 27 34 35 37 38
4 5 6 7 8 14 19 25 27 34 35 37 38
3 4 5 6 7 8 14 19 25 27 34 35 37 38
4 5 6 7 8 14 19 27 34 35 37 38
11 12 14 25 31 37 38
11 12 14 28 34 37 38
8 11 12 14 23 34 37 38
5 8 11 12 14 23 34 37 38
11 12 14 27 28 34 37 38
8 11 12 14 23 27 34 37 38
8 11 12 14 23 27 28 34 37 38
11 14 19 28 31 34 35 37 38
4 11 14 25 27 28 31 34 37 38
8 11 14 23 25 27 34 37 38
8 11 14 23 27 34 37 38
1 11 14 17 19 25 27 34 37 38
11 14 19 27 28 34 35 37 38
5 8 11 14 23 27 34 37 38
5 8 11 14 19 23 27 34 35 37 38
12 15 21 25 30 33 36 38
12 15 21 30 33 36 38
6 12 16 24 30 33 36 38
6 12 14 24 30 33 36 38
6 12 14 21 24 30 33 36 38
0 6 12 16 24 30 33 36 38
4 6 16 25 30 33 36 38
15 21 25 30 33 36 38
6 15 21 25 30 33 36 38
4 6 14 25 30 33 36 38
15 21 30 33 36 38
3 15 21 30 33 36 38
3 15 21 30 33 35 36 38
6 15 21 30 33 36 38
15 19 21 25 30 33 36 38
3 15 19 21 25 30 33 35 36 38
3 15 19 20 21 25 30 31 33 35 36 38
4 6 8 14 19 23 25 30 33 36 38
15 19 21 30 33 36 38
3 15 19 21 30 33 36 38
6 8 15 19 23 30 33 36 38
6 7 8 15 23 25 30 33 36 38
6 16 24 30 33 36 38
6 14 24 30 33 36 38
6 14 21 24 30 33 36 38
0 6 16 24 30 33 36 38
6 11 12 14 21 24 30 33 36 38
0 6 11 12 16 24 25 30 33 36 38
0 6 11 12 16 24 30 33 36 38
0 6 11 12 14 24 30 33 36 38
0 4 6 8 11 16 23 30 33 36 38
0 4 6 8 11 14 23 30 33 36 38
4 6 8 11 14 19 23 30 33 36 38
0 4 6 8 11 16 19 23 25 30 33 36 38
3 6 7 8 11 15 30 33 35 36 38
3 6 7 8 11 15 23 30 33 36 38
3 6 7 8 11 15 19 25 30 33 35 36 38
6 11 14 21 24 30 33 36 38
0 6 11 16 24 25 30 33 36 38
0 6 11 16 24 30 33 36 38
0 6 11 14 24 30 33 36 38
0 2 6 11 13 16 17 25 30 33 35 36 38
0 2 6 11 13 14 17 25 30 33 35 36 38
