23
132 133 134 135 136 137 138
132 133 134 135 136 137 138
139 140
143 144
156
176 177 178
176 177 178
176 177 178
176 177 178
176 177 178
176 177 178
176 177 178
176 177 178
179 180 181 182 183 184 185 186 187 188 189 190
179 180 181 182 183 184 185 186 187 188 189 190
179 180 181 182 183 184 185 186 187 188 189 190
179 180 181 182 183 184 185 186 187 188 189 190
179 180 181 182 183 184 185 186 187 188 189 190
179 180 181 182 183 184 185 186 187 188 189 190
179 180 181 182 183 184 185 186 187 188 189 190
179 180 181 182 183 184 185 186 187 188 189 190
179 180 181 182 183 184 185 186 187 188 189 190
179 180 181 182 183 184 185 186 187 188 189 190
179 180 181 182 183 184 185 186 187 188 189 190
179 180 181 182 183 184 185 186 187 188 189 190
179 180 181 182 183 184 185 186 187 188 189 190
179 180 181 182 183 184 185 186 187 188 189 190
183 184 185 186 187
187 188 189 190
187 188 189 190
187 188 189 190
187 188 189 190
187 188 189 190
207 208 209 210 211 212
229 230
229 230
229 230
229 230
229 230
229 230
229 230
229 230
236 237 238 239
236 237 238 239
244
292 293 294
292 293 294
292 293 294
314 315 316
314 315 316
316 317 318 319 320 321
318 319 320 321
318 319 320 321
318 319 320 321
318 319 320 321
318 319 320 321
318 319 320 321
318 319 320 321
318 319 320 321
338 339 340 341
348
348
348
348
348
348
348
348
348
348
348
348
348
348
348
348
348
17
182 183 184 185 186 187 188 189 190
317 318 319 320 321
347 348
187 188 189 190
181 182 183 184 185 186
187
176
182
183 184 185 186 187
186
187
207 208 209
215
229
243 244
271 272 273
316 317
320 321
318 319 320
349 350 351
316
179 180 181 182 183 184 185 186 187 188 189 190
188 189 190 229
23
21 22 314 315 316 317
183 184 185 186 187 188 189 190 348 349 350 351
132 133 134
155 156 187 208 209 210
158 159 160 161 162 163 164 165 188 189 190
179 180 181 182 183 184 185 186 187 188 189 190
23 24 25 26 27 318 319 320
156
215 216
348 349 350 351
175 176 177 178 228 229 230 231
149 150 151
149 150 151
149 150 151
149 150 151
149 150 151
15 16 17 18 19 20 21 22 23 24 25 26 27 295 296 297 298 299 300 302 316 317 318 319 320 321 331 332 333 336 337 338 339 340 341
15 16 17 18 19 20 21 22 23 24 25 26 27 295 296 297 298 299 300 302
16 17 18 179 180 181 182 183 184 185 186 187 188 189 190 331 332 333 334 335 337
115 116 119 120 121 122 241 242 243 244 245
295 296 297 298 299 300 302
295 296 297 298 299 300 302
15 16 17 18 19 20 21 22 23 24 25 26 27 173 174 175 176 177 178 221 222 223 224 225 226 295 296 297 298 299 300 302 316 317 318 319 320 321 336 337 338 339 340 341
145 146 147 148 149 150 151 241 242 243 244 259 260
315 316 317 318 319 320 321
220
318 319
96
186 187
295 296 297 298 299 300
318 319 320
349 350 351
283 284 285 286 287
290 291 292 293 294
316 317 318 319
320 321
70
177
229
349 350 351
8
22
22 23 24 25 26 27
22 23 24 25 26 27
22 23 24 25 26 27
22 23 24 25 26 27
22 23 24 25 26 27
22 23 24 25 26 27
136
136
136
136
136
136
136
136
136
136
136
149
149
185 186 187 188 189 190
186
186
207 208 209 210
229
229
229
229
229
229
229
229
229
229
229
229
229
229
229
229
229
229
229
229
229
229
229
229
229
229
242
242
248 249
248 249
248 249
248 249
248 249
248 249
248 249
248 249
248 249
248 249
271
316
316
316
319
346 347 348 349 350 351
349 350 351
349 350 351
77
148 149
188
219
229 230
244
318 319 320
344
5 6 7
15 16 17 18 19 20 21 22 23 24 25 26 27
179 180 181 182 183 184 185 186 187 188 189 190
295 296 297 298 299 300
331 332 333 334 335
346 347 348 349 350 351
349 350 351
96 97 98 99 100 101 102
143 144 145 146
192
259
259 260 261
77 78
186 187
245
315 316
379
379
132 133 134 135 136 137 138 139 140 141
132 133 134 135 136 137 138 139 140 141
132 133 134 135 136 137 138 139 140 141
132 133 134 135 136 137 138 139 140 141
132 133 134 135 136 137 138
132 133 134 135 136 137 138
132 133 134 135 136 137 138
132 133 134 135 136 137 138
132 133 134 135 136 137 138
132 133 134 135 136 137 138
179 180 181 182 183 184 185 186 187 188 189 190
179 180 181 182 183 184 185 186 187 188 189 190
179 180 181 182 183 184 185 186 187 188 189 190
179 180 181 182 183 184 185 186 187 188 189 190
179 180 181 182 183 184 185 186 187 188 189 190
179 180 181 182 183 184 185 186 187 188 189 190
179 180 181 182 183 184 185 186 187 188 189 190
179 180 181 182 183 184 185 186 187 188 189 190
179 180 181 182 183 184 185 186 187 188 189 190
179 180 181 182 183 184 185 186 187 188 189 190
188 189 190
188 189 190
188 189 190
188 189 190
188 189 190
188 189 190
188 189 190
15 16 17 18 19 20 21 22 23 24 25 26 27
177
180 181 182 183 184 185 186 187 188 189 190
179 180 181 182 183 184 185 186 187 188 189 190
347 348 349 350 351
349 350 351
367
360 361 362 363 364 365 366 367
182 183 184 185 186 187 188 189 190
221 222 223 224 225 226
221 222 223 224 225 226
221 222 223 224 225 226
17
17 29 30
28 29 30 32 33 34 36 37 38
29 30
132 133 134 135 136 137 138 139 140 141
132 133 134 135 136 137 138 139 140 141
132 133 134 135 136 137 138 139 140 141
15 16 17 18 19 20 21 22 23 24 25 26 27 28 29 30 31 32 33 34 35 36 132 133 134 135 136 137 138 139 140 141 384 385 386
368 369 370 371 372 373 374 377 378
23 132 133 134 135 136 137 138 139 140 141
132 133 134 135 136 137 138 139 140 141
132 133 134 135 136 137 138 139 140 141
132 133 134 135 136 137 138 139 140 141
94
111 112 113 114
168 169 170
169 170 171 172
181 182
229 230
321
320 321
155 156 243 244 245
69 70 71 72 73 230 231 232
111 112 113 114 115 116 117 119 221 307 308 309
0 1 2 3 4 5 6 7 8 9 243 244 245
229
229 364 365
155 156 157 364 365 366
229 364 365 366 367
229 364 365 366 367
228 229 346 347 348 349 350 351
229 306 307
115 116 367
367
132 133 134
12 23 24 25 26 27 358 359
133 134 135 139
229
132 133 134 135 136 137 138 139 140 141 186 187 188 189 190
12
9 10 11 12 13
94 95 187 188 189 190
155 156 157 158 159 160 161 186 187 188 189 190
164 165 166 167 168 169 170 171 172
164 165 166 167 168 169 170 171 172
165 166 167 168 169 170 171 172
12 13 15 16 17 18 19 20 21 22 23 24 25 26 27 379 380 381 382 383 384 385 386
9 10 11 12 13
349 350 351
135 136 137 138 139
232 233
17 18 19 20 21
28 29 30 243 244 247
134 135
186 187 188 229 243 244 245
183 184 185 186 229
16 17 18 19 20 21
15 16 17 18 19 20 21 22 23 24 25 26 27
15 16 17 18 19 20 21 22 23 24 25 26 27
17 18 19 20 21 22
9 10 11 12
8
63
60 61 62
77
101
135
135
185 186 187 188 189 190
185 186 187 188 189 190
208 209
230 231 232
242 243 244
244
245 246 247
259 260 261
306 307
318 319
318 319
322 323 324
329
348 349 350 351
364 365 366 367
8
63
77
101
183 184 185 186 187 188 189 190
230 231 232
244 245
245 246 247
259 260 261
318
329
176
176
209
229
229
379
17 18 19 20 21
17 18 19 20 21 22
59 60 61 62
59 60 61 62
135
135
176 177
183 184 185 186
183 184 185 186
208 209 210
228 229 230
229
244 245
261 262 263
372 373 374 375
379 380
12 13 14
115 116 117
132 133 134 135
168 169 170 171 172
229
295 296 297 298
342
18 19 20
23
66
60 61 62
60 61 62
114
114
135
135
135
186
186
188 189 190
209
209
229
229
229
244
263 264
371
8 9 10
8 9 10
81
188 189 190
243 244 245
19 20
346 347 348 349 350 351
17 18
17 18 19
28 29 30
41 42 43 44 45 46
60 61 62
79 80 81
135
147 148
156
165 166
168
183 184 185 186
186 187
186
187 188 189 190
193 194 195
229
237 238
243 244 245
245
248 249 250
293 294
322 323
338 339
111 112 113 114 115 116 117
188 189 190
229
243 244
244
188 189 190
188 189 190
229
10 11
9
19 20
157 158
165 166 167
186 187
186
228 229
232
271 272 273
342 343
17 18 19 20 21 22 23 24 25 26 245 246
242
79 80 81 82 83 84 242
228 229 321
17 18 19 20 21 22 23 24 25 26
236 237 238 239 241 242 243 244 290 291 292 293 314 315 316 317 318 319 320 321 331 332 366 367
243 244
74 75 76 77 78 79 80
173 174 175 176 177 178
91 94 95 96
0 1 2 3 4 5 6 7 8 9 10 11 12 13 14
28 29 30 31 32 33 34 35 36 37 38 39
68 69 70 71 72 73 74 75 76 77 78 79 80 81 82 83 84
111 112 113 114 115 116 117
155 156 157 158 159 160 161 162
179 180 181 182 183 184 185 186 187 188 189 190
198 199 200 201 202 203 204 205 206
213 214 215 216 217 218 219 220
283 284 285 286 287 288 289 290 291 292 293 294
295 296 297 298 299 300
310 311 312 313
336 337 338 339 340 341
342 343 344 345
346 347 348 349 350 351
356 357 358 359
15 16 17 18 19 20 21 22 23 24 25 26 27
68 69 70 71 72 73 74 75 76 77 78 79 80 81 82 83 84
111 112 113 114 115 116 117
132 133 134 135 136 137 138 139 140 141
179 180 181 182 183 184 185 186 187 188 189 190
213 214 215 216 217 218 219 220
229
227 228 229 230 231 232 233 234 235
283 284 285 286 287 288 289 290 291 292 293 294
314 315 316 317 318 319 320 321
325 326 327 328 329 330
342 343 344 345
356 357 358 359
364 365 366 367
79 80 81 82 83 84
138 139
149
165 166
165 166 167
166
187
188 189 190
205 206
207 208 209 210 211 212
225
228 229
236 237 238 239
243
320 321
321
8
3
17 18 19
17 18 19
17 18 19
32 33
51 52 53
51 52 53
51 52 53
53 54 55 56
77
77
77
81 82 83 84
81 82 83 84
81 82 83 84
81 82 83 84
81 82 83 84
81 82 83 84
81 82 83 84
81 82 83 84
81 82 83 84
81 82 83 84
81 82 83 84
81 82 83 84
82 83 84
82 83 84
82 83 84
82 83 84
82 83 84
82 83 84
82 83 84
82 83 84
82 83 84
82 83 84
82 83 84
82 83 84
82 83 84
82 83 84
82 83 84
82 83 84
82 83 84
82 83 84
94 95
111 112 113
111 112 113
111 112 113
111 112 113
111 112 113
111 112 113
111 112 113
111 112 113
111 112 113
165 166
165 166
165 166
165 166
165 166
165 166
169 170 171 172
183 184 185 186 187
190
190
190
191 192 193 194 195 196 197
206
206
209 210 211 212
215 216
215 216
219 220
229 230
229 230
229 230
229 230
236 237
236 237
236 237
236 237
242 243
262 263 264
278
294
294
316 317
321
321
342 343
227 228 229
111 112 113 114 115 116 117 179 180 181 182 183 184 185 186 187 188 189 190
322 323 324
40 41 42 43 44 45 46 47 74 75 76 77 78 79 80 81 82 83 84
79 80 81 82 83 84 336 337 338 339 340 341
159 160 161
78 79 80 81 82 83 84 165 166 167 168 169 170 171 187 188 189 190
76 77 78 79 80 81 82 83 84 322 323 324 326 327 328 368 369 370 371 372 373 374 375
8 9 10 165 166 167 168 182 183 184 185 186
75 76 77 78 79 80 81 82 83 84 186 187 188 189 190 368 369 370 371 372 373 374 375
68 69 70 71 72 73 74 183 184 185 186 187 188 189 190
68 69 70 71 72 73 74 75 76 77 78 79 80 81 82 83 84 111 112 113 114 115 116 117
237 238 241 243 244
111 112 113 114 115 116 117 187
236 237 238 239
51 52
52
79 80 81
83 84
111 112 113 114
111 112
228 229 230
310 311 312 313 314 315 316 317 318 319 320 321
325 326 327
198 199 200 201 202 203 204 205 206 227 228 229 292 293 294
111 112 113 114 115 116 117 158 159 160 161 162 179 180 181 182 183 184 185 186 187 188 189 190
165 166 322 323 324
265 266 267 268 269 270 271 272 273 274 275 276 277 278
192 193 194
15 16 17 18 19 20 21 22 23 24 25 26 27 28 29 30 31 32 33 34 35 36 37 38 39 68 69 70 71 72 73 74 75 76 77 78 79 80 81 82 83 84 179 180 181 182 183 184 185 186 187 188 189 190 227 228 229 230 231 232 233 234 235 322 323 324
13 77 78 79 80 81 82 83 84 187 376 377 378 379 380 381 382 383 384 385 386
40 41 42 43 44 45 46 47 74 75 76 77 78 79 80 81 82 83 84
79 80 81 82 83 84 336 337 338 339 340 341
179 180 181 182 183 184 185 186 187 188 189 190 198 199 200 201 202 203 204 205 206
17 18 19 20 21 22 77 78 79 80 81 82 83 84 159 160 161 162
76 77 78 79 80 81 82 83 84 322 323 324 325 326 327 328 376 377 378 379 380 381 382 383 384 385 386
78 79 80 81 82 83 84 165 166 167 168 169 170 171 187 188 189 190
77 78 79 80 81 82 83 84 225 226 236 237 238 239 295 296 297 298 299 300
74 75 76 77 78 79 80 81 82 83 84 111 112 113 114 115 116 117 188 189 190 342 343 344 345
8 9 10 182 183 184 185 186
75 76 77 78 79 80 81 82 83 84 111 112 113 114 115 116 117 186 187 188 189 190 368 369 370 371 372 373 374 375
68 69 70 71 72 73 74 183 184 185 186 187 188 189 190
68 69 70 71 72 73 74 75 76 77 78 79 80 81 82 83 84 111 112 113 114 115 116 117 322 323 324
8 9 10 111 112 113 114 115 116 117 183 184 185 186 187 188 189 190 237 238 241 243 244
94 95 96 99 100 101 111 112 113 114 115 116 117
236 237 238 239
240 241 242 243 244 245
260
68 69 70 71 72 73 74 75 76 77 78 79 80 81 82 83 84
68 69 70 71 72 73 74 75 76 77 78 79 80 81 82 83 84
236 237 238 239
28 29 30
77 78 79 80 81 82 83 84
79 80 81
111 112 113 114
111 112 113
161
206
228 229
229
243
244
276 277 278
315 316
320 321
344
8 9
58 59
70
77
77 78 79 80 81 82 83 84
79 80 81
79 80 81 82
79 80 81 82 83 84
82 83 84
94 95
114 115 116 117
139
135
160 161 162
155
165
166
178
187
195 196 197
224 225
228 229
229
230 231 232
232 233
262 263 264
263 264
269 270 271 272 273
322
322 323 324
326
338
365
367
229
229
229
229
229
229
71 72 73 74 75 76 77 78 79 80 81 82 83 84 111 112 113 114 115 116 117
111 112 113 114 115
217 218 219
229
79 80 81 238 239
70 71 72 73 74 75 76 77 78 79 80 81 82 83 84
71 72 73 165 166 187 188 189 190
191 192 193
82
111 112 113 188 189 190 229
188 189 190 229
188 189 190 206 229
229
229
188 189 190
51 52
74 75 76 77 78 79 80 81 82 83 84
77 78 79 80 81 82 83 84
79 80 81 82 83 84
164 165 166
180
187 188 189 190
188 189 190
179 180 181 182 183 184 185 186 187 188 189 190
194
191 192 193 194
223 224 225
228 229
231
236
259
320 321
322
322 323 324
384 385 386
3 4 5 6 7 8
3 4 5 6 7 8
3 4 5 6 7 8
3 4 5 6 7 8
3 4 5 6 7 8
3 4 5 6 7 8
3 4 5 6 7 8
17 18 19 20
20
23
24 25 26 27
29 30 31
29 30 31
29 30 31
29 30 31
29 30 31
29 30 31
29 30 31
52 53 54 55
79 80 81 82 83 84
79 80 81 82 83 84
79 80 81 82 83 84
111 112 113 114 115 116 117
111 112 113 114 115 116 117
111 112 113 114 115 116 117
111 112 113 114 115 116 117
111 112 113 114 115 116 117
148
152
164
164
164
183 184 185
188 189 190
188 189 190
188 189 190
201 202
201 202
203
227 228 229 230
227 228 229 230
236 237 238 239
236 237 238 239
263 264
263 264
263 264
271 272 273
292 293 294
292 293 294
317
321
334
334
338
338
338
338
338
338
338
338
338
338
344 345
358 359
358 359
364 365
364 365
374
381 382 383 384 385 386
0 1 2 3 4 5 6 7 8
15 16 17 18 19 20 21 22 23 24 25 26 27
17 18
17 18
22 23 24 25 26 27
22 23 24 25 26 27
28 29 30 31 32 33 34 35 36 37 38 41 42 43
28 29 30 31 32 33 34 35 36 37 38 41 42 43 44 45 46 47
42 43 44
44 45 46 47
48 49 50 51
51 52
69 70 71 72 73 74 75 76
76 77 78 79 80 81 82 83 84
76 77 78 79 80 81 82 83 84
79 80 81
79 80 81
79 80 81
79 80 81
79 80 81
79 80 81
79 80 81
79 80 81
79 80 81
79 80 81
79 80 81
79 80 81
79 80 81
79 80 81
79 80 81
79 80 81
79 80 81
79 80 81
79 80 81
79 80 81
79 80 81
79 80 81
79 80 81
79 80 81
79 80 81
79 80 81
111 112 113 114 115 116 117
111 112 113 114 115 116 117
111 112 113 114 115 116 117
111 112 113 114 115 116 117
111 112 113 114 115 116 117
113 114 115 116
113 114 115 116
113 114 115 116
113 114 115 116
111
111
111
111
111
111
139
139
139
139
137 138 139
138
132 133 134 135
155 156 157 158 159 160 161 162
164
164
164
164
168 169 170 171
176 177
176 177 180 181
186 187
186 187
186 187
186 187
186 187
186 187
186 187
186 187
186 187
186 187
186 187
186 187
186 187
186 187
191 192 193 194
202
203 204 205 206
229 230
229 230
229 230
229 230
231 232 233 234 235
237 238
237 238
237 238
237 238
236 237
236 237
236 237
236 237
243 244 245
243 244 245
248 249 250
248 249 250
256 257 258 259
260 261 262 263 264
260 261 262 263 264
260 261 262 263 264
260 261 262 263 264
272 273
272 273
272 273
272 273
278
278
293 294
295 296 297 298 299 300
310 311 312 313
316 317
316 317
320 321
320 321
320 321
320 321
320 321
320 321
323
323
326
327
332 333
337 338 339 340
337 338 339 340
337 338 339 340
337 338 339 340
337 338 339 340
337 338 339 340
342 343 344 345
343 344
343 344
343 344
343 344
343 344
343 344
346 347 348 349 350 351
348 349 350 351
348 349 350 351
356 357 358 359
365
368 369 370 371 372 373 374 375
377 378 379 380 381
377 378 379 380 381
384 385 386
384 385 386
17 18 19 20
31
76 77 78 79 80 81 82
76 77 78 79 80 81 82
79 80 81 82 83
139
134
158 159 160
332 333
52 53
59 60
70
72 73
77 78
78 79
79 80 81
80 81 82
81 82
143 144 145
164
165
175 176 177
181 182
186 187
187 188
188 189
237
236 237
257 258
329 330
337 338
338 339
342 343
25 26 27
36 37 38
72 73 74
77 78 79
79 80 81 82
82 83 84
115 116
114 115
176 177
186 187
187 188
188 189
207 208 209
237 238 239
241 242
243 244
243 244 245
260 261
338 339
348 349 350
188 189 190
15 16 17 18 19 20 21
179 180 181 182 183 184 185 186 187 188 189 190 325 326 327 328 329 330
78 79 80 81 82 83 139 140 141 338 343
76 77 78 79 80 81 82 83 84 111 112 113 114 115 116 117 342 343 344 345
364 365 366
78 79 80 81 82 83 84
68 69 70 71 72 73 74 75 76 77 78 79 80 81 82 83 84 111 112 113 114 115 116 117 173 174 175 176 177 178 179 180 181 182 183 184 185 186 187 188 189 190
236 237 238 239 241 346 347 348
44 45 46 47 76 77 78 79 80 81 82 83 84 111 112 113 114 115 116 117 139 140 141 338 339 340 341
297
111 112 113
349 364 365 366 367
349
186 187 188 189 190 242 243 244 245
204 205 206 295 296 297 298 308 331 332 333 334 335 336 337 338 339 340 341 342 343 344 345 346 347 348 349 350 351
17 18 19 20 277 278 293 294 320 321
233
111 112 113 114
111 112 163 164 165 166 167 168
348 349 350 351
155 156 157 158 159 160 161 164
17 18 19 20 21
22 23 24 25
111 112 113 114 115
186 187 188 189 190
272 273
320 321
350 351
75 76 77 78 79 80 81 82 188
3 4 5 6 7 8
81 82
188 189 190
202
229
278
228 229 230
233 234 235
237 238
0 1 2 3 4 5 6
28 29 30 31 32
94 95 96
135 136 137 138 139 140 141
155 156 157 158 159 160
155 156 157 158 159 160
163 164 165 166 167 168 169 170 171 172
173 174 175 176 177 178 179 180 181 182 183 184 185 186 187 188 189 190
173 174 175 176 177 178 179 180 181 182 183 184 185 186 187 188 189 190
173 174 175 176 177 178 179 180 181 182 183 184 185 186 187 188 189 190
207 208 209 210 211 212 213 214 215 216 217 218 219 220
236 237 238 239
236 237 238 239
236 237 238 239
236 237 238 239
236 237 238 239
236 237 238 239
236 237 238 239
236 237 238 239
236 237 238 239
236 237 238 239
236 237 238 239
236 237 238 239
236 237 238 239
236 237 238 239
236 237 238 239
236 237 238 239
236 237 238 239
236 237 238 239
236 237 238 239
236 237 238 239
236 237 238 239
236 237 238 239
237 238
237 238
237 238
237 238
237 238
237 238
237 238
237 238
237 238
237 238
237 238
238
271 272 273 274 275 276 277 278
271 272 273 274 275 276 277 278
288 289 290 291 292 293 294
288 289 290 291 292 293 294
295 296 297 298
295 296 297 298
320 321
320 321
331 332
331 332
331 332
331 332
338 339 340 341
357 358 359
357 358 359
365 366 367
368 369 370 371 372 373 374
368 369 370 371 372 373 374
376 377 378 379 380 381 382 383 384 385 386
387 388 389 391
387 388 389 391
377 378 387 388 389
381 382 383 384 385 386
179 180 181 182 183 184 185 186 187 188 189 190
179 180 181 182 183 184 185 186 187 188 189 190
179 180 181 182 183 184 185 186 187 188 189 190
179 180 181 182 183 184 185 186 187 188 189 190
179 180 181 182 183 184 185 186 187 188 189 190
17
21
74
96
103
168
215
377 378
188 189 190
17 18 19 20 21
17 18 19 20 21 22
183 184 185
188 189 190
215 216
216
229
319 320
320 321
377 378
378
378 379
188 189 190
188 189 190
237 238
237 238
236
236 237 238 239
236
236 237
236 237 238 239
276 277 278
368 369 370 371 372 373 374 375 376 377 378 379 380 381 382 383 384 385 386
236 237 238 239
236 237 238 239
236 237 238 239
236 237 238 239
236 237 238 239
236 237 238 239
236 237 238 239
236 237 238 239
236 237 238 239
236 237 238 239
236 237 238 239
242 243
79 80 81 82 83
172
241 242
242 243
242 243
242 243
242 243
243 244
9 10
9 10
9 10
18 19 20
18 19 20
23 24 25
77 78
104 105 106
115 116
111 112 113 114
111 112 113 114
139 140
139 140
139 140
176 177
185 186 187
185 186 187
185 186 187
191 192 193 194
232 233 234 235
236
236
236
241
242 243 244
242 243 244
263 264
277 278
277 278
291 292 293 294
301 302 303 304 305 306 307 308 309
311 312
311 312
311 312
311 312
325 326 327 328 329 330
342 343
348 349
348 349
367
367
371 372 373 374
371 372 373 374
371 372 373 374
371 372 373 374
377
377
383 384 385 386
383 384 385 386
186 187 188 189 190
310 311 312 313
179 180 181 182 183 184 185 186 187 188 189 190
188
11 12 13
10 11 12 13
10 11
9 10 11
9 10 11
9 10
9 10
9
9
0 1 2 3 4 5 6 7 8 9 10 11 12 13 14
19 20 21 22
58 59 60 61 62
72 73 74 75 76 77 78 79 80 81 82 83 84
78 79 80 81 82
78 79 80 81 82
79 80 81 82 83 84
79 80 81 82 83 84
79 80 81 82 83 84
85 86 87 88 89
94 95
94 95 96 97 98 99 100 101 102 103
98 99 100 101 102
106 107 108
115 116
115 116
114 115 116
114 115 116
139 140
139 140
139 140
139 140
139 140
132 133 134 135
132 133 134 135 136 137 138 139 140 141
155 156 157
167 168
180 181 182 183 184 185 186
180 181 182 183 184 185 186
180 181 182 183 184 185 186
182 183 184 185 186 187
182 183 184 185 186 187
186 187 188 189 190
186 187 188 189 190
186 187 188 189 190
179 180 181 182 183 184 185 186 187 188 189 190
179 180 181 182 183 184 185 186 187 188 189 190
179 180 181 182 183 184 185 186 187 188 189 190
191 192 193 194
191 192 193 194
191 192 193 194
191 192 193 194
191 192 193 194 195 196 197
210 211
224 225
237 238
237 238
237 238
236 237
236 237
236 237
236 237 238 239
236 237 238 239
236 237 238 239
241 242 243 244 245
241 242 243 244 245
242 243 244 245
242 243 244 245
242 243 244 245
242 243 244 245 246 247
243 244 245
256 257 258 259
259 260
265 266 267 268 269 270 271 272 273 274 275 276 277 278
292 293 294
292 293 294
292 293 294
295 296 297 298
311 312
310 311
319 320 321
319 320 321
329 330
337 338 339
337 338 339
342 343 344 345
342 343 344 345
3 4 5 6 7
28 29 30
85 86 87 88 89 90 91 92
106 107 108
127 128
127 128
132 133 134 135
157
157
166 167
173 174
187 188 189 190
205
232
241 242 243 244
248
248
248
328
328
332
339
349
366
17 18
17 18
17 18
132 133 134 135 136 137 138 139 140 141
182 183 184 185 186 187
331 332 333 334 335 336 337 338 339 340 341
15 16 17 18 19 20 21 22 23 24 25 26 27
15 16 17 18 19 20 21 22 23 24 25 26 27
15 16 17 18 19 20 21 22 23 24 25 26 27
17 18 19
17 18 19
63 64 65
94 95
136 137 138 139
156 157 158 159 160 161
184 185 186
184 185 186
237 238
262 263 264
284 285 286
295 296 297 298 299
364 365 366 367
371 372
16 17 18 19 20
16 17 18 19 20
16 17 18 19 20
16 17 18 19 20
16 17 18 19 20
16 17 18 19 20
16 17 18 19 20
16 17 18 19 20
16 17 18 19 20
65 66 69
94 95 96
114
114
114
114
114
114
129
133 134
133 134
156 157 158 159 160
156 157 158 159 160
173 174 175 176 177 178 179 180 181 182 183 184 185 186 187 188 189 190
173 174 175
188 189 190
199 200
229 230 231 232
229 230 231 232
236 237 238
236 237 238
261 262 263 264
261 262 263 264
261 262 263 264
261 262 263 264
261 262 263 264
261 262 263 264
261 262 263 264
276 277
284 285 286 287 288
293 294
293 294
293 294
293 294
293 294
310 311 312 313
310 311 312 313
310 311 312 313
310 311 312 313
310 311 312 313
322 323 324
322 323 324
322 323 324
322 323 324
332 333 334
339 340 341
339 340 341
365
365
371
371
9
3 4 5 6 7 8 9
3 4 5 6 7 8 9
3 4 5 6 7 8 9
0 1 2 3 4 5 6 7 8 9
5 6 7 8
3
0 1 2
17 18 19
17 18 19
17 18 19
17 18 19
17 18 19
17 18 19
17 18 19
17 18 19
58 59 60
58 59 60
82
82
82
82
114 115
114 115
114 115
118 119 120
118 119 120
149 150 151 152 153
149 150 151 152 153
155 156 157 158 159 160 161 162 164 165 166 167 168 169 170
179 180 181 182 183 184 185 186 187 188 189 190
183 184 185
188 189 190
198 199 200 201 202 203 204 205 206
201
220
236 237 238 239 241 242 243 244
243 244 245
243 244 245
244 245 246
245 246
245 246
260 261 262 263 264
262 263 264
262 263 264
262 263 264
262 263 264
262 263 264
290 291 292 293 294
290 291 292 293 294
290 291 292 293 294
311 312 313
311 312 313
311 312 313
320 321
322 323 324
322 323 324
338
346 347 348 349 350 351
368 369 370 371 372 373 374 375
368 369 370 371 372 373 374 375
368 369 370 371 372 373 374 375
368 369 370 371 372 373 374 375
368 369 370 371 372 373 374 375
368 369 370 371 372 373 374 375
368 369 370 371 372 373 374 375
368 369 370 371 372 373 374 375
368 369 370 371 372 373 374 375
368 369 370 371 372 373 374 375
12
94 95 96 97 98 99 100 101 102 103 104
104 105 106
138
135
149 150 151 152 153 154
149 150 151 152 153 154
151
213 214
241
243 244
243 244
243 244
243 244 245 246 247 248 249 250
284
292 293 294
292 293 294
292 293 294
177 379 380 381 382 383 384 385 386
324
155 156 157 158 159 160 161 162 179 180 181 182 183 184 185 186 187 188 189 190 242 243 244
148 149 150 151 152 153 154 364 365 366 367
22 23 243 244
115 116 117 157 158
277 278
0 1 2 3 4 5 6 7
17 18 19 20
17 18 19 20
17 18 19 20
17 18 19 20
17 18 19 20
243 244 245
243 244 245
243 244 245
243 244 245
243 244 245
243 244 245
243 244 245
331 332 333 334 335 336 337 338 339 340 341
371
9 10
17 18 19 20 21 22
17 18 19 20 21 22
20 21 22
20 21 22
183 184 185 186 187 188 189 190
236 237 238 239 240 241 242 243 244 245 246 247 248 249 250
240 241 242 243 244 245 246 247
240 241 242 243 244 245 246 247
241 242 243 244 245 246
243 244 245
243 244 245 246
251 252 253 254 255 256 257 258 259 260 261 262 263 264
260 261 262 263 264
271 272 273
295 296 297 298 299 300 301 302 303 304 305 306 307 308 309
17 18 19 20 21 22 242 243 244 245 246 247 248 249
20
28 29 30 31 32 33 34 35 36 37 38 39 40 41 42 43 44 45 46 47 48 49 50 51 52 53 54 55 56 57
230
242 243 244
114 115
157 191 192 193 194 349 350 351
310 311 312 313 367
143 144 349 350 351 358 359
111 112 113 114 115 116 117 348
111 112 113 349 350 351
111 112 113
149 150 151
17
17 18 19 20 21 344 345 346 347 348
114 151 152
242 243 244 245
149 150 151 152 242 243 244
241 242 243 244
89 149 150 151 152 153 242 243 244
243 244
149 150 151 243 349 350 351
111 112 113 243 244
111 112 113 151 243 244
9 19 20 155 156 242 243 244
331 332 333 334 335 336 337 338 339 340 341
15 16 17 18 19 20 21 22 23 24 25 26 27
15 16 17 18 19 20 21 22 23 24 25 26 27
15 16 17 18 19 20 21 22 23 24 25 26 27
90 91 94 95 96 97 98 99 100
111 112 113 114 115 116 117
111 112 113 114 115 116 117
132 133 134 135 136 137 138 139 140 141
148 149 150 151 152 153 154
155 156 157 158 159 160 161 162 163 164 165 166 167 168 169 170 171 172
179 180 181 182 183 184 185 186 187 188 189 190
179 180 181 182 183 184 185 186 187 188 189 190
179 180 181 182 183 184 185 186 187 188 189 190
179 180 181 182 183 184 185 186 187 188 189 190
179 180 181 182 183 184 185 186 187 188 189 190
179 180 181 182 183 184 185 186 187 188 189 190
207 208 209 210 211 212
265 266 267 268 269 270 271 272 273 274 275 276 277 278
295 296 297 298 299 300
295 296 297 298 299 300
310 311 312 313
310 311 312 313
310 311 312 313
310 311 312 313
310 311 312 313
310 311 312 313
310 311 312 313
336 337
368 369 370 371 372 373 374 375
191
111 112 113 114 115 116 117
179 180 181 182 183 185 186 318
150 151 219 243 244 247 248
311 312 313
115 116 310 311 312 313
311 312 313 368 369 370 371 372 373 374 375
371 372 373 374 375
207 208 229 231 232 293
111 112 113 114 115
243 244 245
243 244 245
260 261 262 263 264
348 349 350 351
4 5 6
17
242 243 244
310 311 312 313
364 365 366 367
8 9
173 174 175 176 177 178 179 180 181 182 183 184 185 186 187 188 189 190
173 174 175 176 177 180 181 182 183 184 185 186
310 311 312 313
310 311 312 313
318 319 320 321
370 371 372 373 374 375
370 371
370 371 372 373 374 377 378
376 377 378
17 18 19 20 21 22
111 112 113 114 115 116 117
186 187 188 189 190
188 189 190
227 228 229 230 231 232 233 234 235
236 237 238 239
311 312 313
310 311 312 313
322 323 324
371 372 373 374 375
17 18 19 20 21
24 25 26 27
32 33 34 35 36 37 38 41 42 43
28 29
94 95
155 156 157 158 159 160 161 162 164 165 166 167
179 180 181 182 183 184 185 186 187 188 189 190
179 180 181 182 183 184 185 186 187 188 189 190
179 180 181 182 183 184 185 186 187 188 189 190
179 180 181 182 183 184 185 186 187 188 189 190
191 192 193 194 195 196 197 198 199 200 201 202 203 204 205 206
244
352 353 354 355 356 357 358 359
352 353 354 355 356 357 358 359
368 369 370 371 372 373 374 375
381 382 383 384 385 386
179 180 181 182 183 184 185 186 187 188 189 190
179 180 181 182 183 184 185 186 187 188 189 190
179 180 181 182 183 184 185 186 187 188 189 190
179 180 181 182 183 184 185 186 187 188 189 190
179 180 181 182 183 184 185 186 187 188 189 190
242 243 244
243 244 245
184 185 186 187
173 174 175 176 177 178 179 180 181 182 183 184 185 186 187 188 189 190
173 174 175 176 177 178 179 180 181 182 183 184 185 186 187 188 189 190 251 252 253 254 255 256 257 258 259 260 261 262 263 264
179 180 181 182 183 184 185 186 187 188 189 190
257 258 259
230 231 232 233 234 235
242 243 244 328
238 241 242 243 244 245 246 247 293 294
243 244
328
0 1 2
0 1 2
0 1 2
0 1 2
17
29
29
29
29
29
182
242 243 244
242 243 244
242 243 244
242 243 244
242 243 244
242 243 244
242 243 244
258
258
258
258
262
262
0 1 2
17 18
29 30 31
28 29 30
28 29 30
28 29 30
28 29 30
54 55 56 57
56 57
56 57
77 78 79 80 81 82 83 84
122 123 124 125
165 166 167
176 177 178
173 174
207 208 209 210 211 212
221 222 223 224 225 226
243 244
243 244
257 258
260 261
260 261
260 261
292 293 294
292 293 294
349 350 351
342 343 344 345 346 347 348 349 350 351
242 243 244 245
242 243 244 245
28 29 30
318 319 320 321
28 29 30 192 193 194
28 29 30
29 30 31
29 30
242 243 244 245 246 247 256 257 258 292 293 294
241 242 243 244
258
258
132 133 134 294
245 246
260 261
155 156 380 381 382
208 209 307 308
101 102 103 368 369 370 371 372 373 374 375 377 378 379 380 381
186 187 188
114 115 116
294
243 244 245 262 263 264
10 11 104 105 106 107 132 133 134 135 236 237 322 323 324
156 157 322 323 324 369 370
236 237 243 244 245 319 320 321
11 104 105 106 322 323 324
317 318 319 320 321 360 361 362 363 364 365 366 367
317 318 319 320 321
317 318 319 320 321
317 318 319 320 321 322 323 324 325 326 327 328 329 330
317 318 319 320 321
317 318 319 320 321
317 318 319 320 321 360 361 362 363 365 366 367
317 318 319 320 321 360 361 362 363 365 366 367
317 318 319 320 321
111 112 113 114 115 116 117 118 119 120 121 122 123 124 125 126 127 128 129 130 131 317 318 319 320 321 346 347 348 349 350 351 352 353 354 355 356 357 358 359 360 361 362 363 364 365 366 367
317 318 319 320 321
317 318 319 320 321
317 318 319 320 321
317 318 319 320 321 360 361 362 363 364 365 366 367
317 318 319 320 321
317 318 319 320 321
318 319 320 321
317 318 319 320 321
180 181 182 183 184 185 186 187 188 189 190 317 318 319 320 321
319 320 321
319 320 321
319 320 321
136 137 138
204 205 206
167 168 169 170 171 172 290 291 292 293 294
155 156 157 185 186 187 188 189 190 365 366 367
165 166 167 168 169 170 171 172
336 337 338 339 340 341
187 188 189 190
296 297 298
17 18 19 20 21 113 114 115 347 348 349 350 351
85 86 87 347 348 349 350 351
230 231 232 233 234
155 156 157 158 159 160 165 166 167 168 169 170 171 172 296 297 298
232 233
0 1 2 3 347 348 349 350 351 366 367
4 5 6 7 8 9
111 112 113 114 132 133 134 135 136 137 138 327 328 329 330
7 8 46 47 173 174 175 176 177 178 179 180 181 182 183 184 185 186 187 188 189 190 337 338 349 350 351
155 156 157 158 159 160 161 162 164 342 343 344 345
111 112
17 115 156 157 158 159 160 161 311 312
17 75 243 244 245
322 365
114 115 116 132 133 134 157 158 159 160 161 310 311 312 315 316 322 323 324
9 111 290 291 292 322
364 365 366 367
310 311 312 313
242 243 244 245
22 23 24 25 26 27
17
346 347 348 349 350 351
53 54 55 56 57
112 113 114
155 156 157 158
187 188 189 190
242 243 244 245
277 278
359
367
17 18 19 20 21
243 244
111 112 113 114 115 116 117
188 189 190
182 183 184 185 186 187 188 189 190
202 203 204 205 206
236
243 244 245 246
243 244 245
310 311 312 313
310 311 312 313
310 311 312 313
310 311 312 313
310 311 312 313
319 320
336 337 338 339 340 341
373 374
94 95
94 95 96 97
115 116
111
111 112 113 114 115 116 117
138 139 140
135 136 137 138 139 140
229
241 242 243 244
242 243 244
94 95 115 116
228 229 346 347 348 349 350 351
139 140 242 243 244
111 112 113 114 115 116 117 135 136 137 138 139 140 141 242 243 244
242 243 244
3 4 5
15 16 17 18 19 20 21 22 23 24 25 26 27
15 16 17 18 19 20 21 22 23 24 25 26 27
15 16 17 18 19 20 21 22 23 24 25 26 27
15 16 17 18 19 20 21 22 23 24 25 26 27
15 16 17 18 19 20 21 22 23 24 25 26 27
31 32 33 34
48 49 50
69 70 71 72 73 74 75 76
78 79 80 81 82
78 79 80 81 82
78 79 80 81 82
78 79 80 81 82
78 79 80 81 82
78 79 80 81 82
136 137 138
136 137 138
136 137 138
144 145 146 147 148 149 150 151 152 153 154
172
172
179 180 181 182 183 184 185 186 187 188 189 190
186 187 188 189 190
186 187 188 189 190
186 187 188 189 190
186 187 188 189 190
186 187 188 189 190
186 187 188 189 190
186 187 188 189 190
186 187 188 189 190
191
207
237
237
237
237
237
237
237
237
237
237
237
237
237
317 318 319 320 321
317 318 319 320 321
317 318 319 320 321
322
77 79 80 81 188 189 190 233 234
71 72 73 78 79 80 81 82 236 237 348 366
79 80 81 169 170 171 187 229 230 236 237 238 239
187 233 234
17 18 187 228 229 322 323
156 187 228 229 236 237
17 18 19 20 29 79 80 81 114 188 189 190 229 236 237
0 1 2 320 321 348 349 350
29 74 75 76 77 78 180 181 182 183 184 187 349 350 351
173 174 175 176 177 178 179 180 181 182 183 184 185 186 187 188 189 190
79 80 81 82
80 81 82 83
186 187 188 189 190
187 188 189 190
188
188 189 190
229 230 231 232
51 52
134 135 136 137 138 139 140
232
260
320 321
200 201
23 24 25 26 27 79 80 81 82 83 84 179 180 181 182 183 184 185 186 187 188 189 190
166 167
238 241 242 348 349 350 351
15 16 17 18 19 237 238 241 242
77 78 79 80 81 82 83 84
188 189 190
79 80 81
78 111 112 113 114 115 116 117
186 187 188 189 190 236 237 238 241
336 337 338 339 340 341 368 369 370 371 372 373 374 375
23 24 25 26 27
23 24 25 26 27
79
79
111 112 113 114 115 116 117
133 134 135
133 134 135
148 149
187 188
187 188
187 188
187 188
187 188
187 188
236 237 238 239
242 243 244 245
342 343 344 345
243 244 245
295 296 297 298 299 300
33
78 79 80 81 82 83 84
79 80 81 82 83 84
157
167
186 187 188 189 190
75 76 77 78 79 80 81 82 83 84
338 339 340 341
347 348 349 350 351
51
51
77 78 79 80 81
132 133 134 135 136 137 138 139 140 141
186 187 188
186 187 188
293 294
323
326 327
349 350 351
22
22
114
134 135 136 137 138
28 29 30 31 32 33 34 35 36 37 38 183 184 185 186 187 188 189 190
58 59 60 61 62 148 149 150 151 152 153 154 183 184 185 186 187 188 189 190 191 192 193 194 195 196
176 177 228 229 230 231 232
195 196
77 78 79 80 81 82 83
77 78 79 80 81 82 83
77 78 79 80 81 82 83
79 80 81 82
79 80 81 82
79 80 81 82
79 80 81 82
111 112 113 114 115
111 112 113 114 115
111 112 113 114 115
111 112 113 114 115
111 112 113 114 115
173 174 175 176 177 178
179 180 181 182 183 184 185 186 187 188 189 190
179 180 181 182 183 184 185 186 187 188 189 190
191 192
191 192
232 233
236
236
269 270 271 272 273 274 275 276 277 278
314 315 316 317 318 319 320 321
338 339 340 341
342 343 344
346 347 348 349 350 351
346 347 348 349 350 351
81 82 83 84
81 82 83 84
111 112 113 114
111 112 113 114 191 192 193 194
111 112 113 114 346 347
78 79 80 81 82 83 84
79 80 81 82 83 84
82 83 84
191 192 193 194 195
24 25 26 27
78 79 80 81 82 83 84
78 79 80 81 82 83 84
78 79 80 81 82 83 84
78 79 80 81 82 83 84
78 79 80 81 82 83 84
78 79 80 81 82 83 84
78 79 80 81 82 83 84
78 79 80 81 82 83 84
78 79 80 81 82 83 84
135
165 166
186 187 188 189 190
186 187 188 189 190
186 187 188 189 190
186 187 188 189 190
186 187 188 189 190
186 187 188 189 190
236 237 238 239
236 237 238 239
236 237 238 239
236 237 238 239
258 259 260 261 262 263 264
326 327 328 329
17 18 19 20 21 22
111 112 113 114 115 116 117
186 187 188 189 190
188 189 190
227 228 229 230 231 232 233 234 235
236 237 238 239
311 312 313
310 311 312 313
322 323 324
371 372 373 374 375
94 95
237 238
237 238
243 244 245
165 166 167
165 166 167
165 166 167
165 166 167
183 184 185 186 187 188 189 190
187 188 189 190
169 170 171 172 187 188 189 190
179 180 181 182 183 184 185 186 187 188 189 190
179 180 181 182 183 184 185 186 187 188 189 190
0 1 2 3 4 5 6 7 8 9 10 11 12 13 14 15 16 17 18 19 20 21 22 23 24 25 26 27 28 29 30 31 32 33 34 35 36 37 38 39 40 41 42 43 44 45 46 47 48 49 50 51 52 53 54 55 56 57 93 94 95 96 97 98 99 100 101 102 103 104 105 106 107 108 109 110 155 156 157 158 159 160 161 162 163 164 165 166 167 168 169 170 171 172 346 347 348 349 350 351
191 192 193 194 195 196 197 198 199 200 201 202 203 204 205 206
0 1 2 3 4 5 6 7 8 9 10 11 12 13 14 15 16 17 18 19 20 21 22 23 24 25 26 27 155 156 157 158 159 160 161 162 163 164 165 166 167 168 169 170 171 172 191 192 193 194 195 196 197 198 199 200 201 202 203 204 205 206
15 16 17 18 19 20 21 22 23 24 25 26 27
15 16 17 18 19 20 21 22 23 24 25 26 27 28 29 30 31 32 33 34 35 36 37 38 39 40 41 42 43 44 45 46 47 48 49 50 51 52 53 54 55 56 57 68 69 70 71 72 73 74 75 76 77 78 79 80 81 82 83 84 179 180 181 182 183 184 185 186 187 188 189 190
15 16 17 18 19 20 21 22 23 24 25 26 27 49 50 51 52 80 81 82 83 84 155 156 157 158 159 160 161 162 163 164 165 166 167 168 169 170 171 172 314 315 316 317 318 319 320 321 322 323 324 325 326 327 328 329 330
314 315 316 317 318 319 320 321
15 16 17 18 19 20 21 22 23 24 25 26 27
25 26 27 49 50 51 52 53 54 79 80 81 82 83 84 163 164 165 166 167 168 169 170 171 172
165 166 167 168 182 183 184 185 186 187 188 189 190
10 11 48 166 167 168 169 170 171 172 182 183 184 185 186 187 236 237 238 241 242 255 256 257 258
183 184 185 186 244 245
236 237 238 239
318 319 320 321
224 225 226
23 158 159 160 161 162
94 95 168 169 170 171 172
23 158 159 160 161
191 192 193
229
236 237
242 243
155 156 157 158 159 160 161 162
160 161
160 161
160 161
160 161
160 161
160 161
94
94
94
94
94
8 9
8 9
28 29
28 29
2 3 4 5 6
0 1 2 3
0 1 2
23
23
23
23
23
23
23
28 29 30
28 29 30
28 29 30
81 82 83 84
82 83
82 83
85 86 87 88
94
94
94
94 95
94 95
94 95
94 95
99 100 101 102
115 116
160 161 162
160 161
161
160 161
160 161
160 161
160 161
160 161
160 161
159 160 161 162
159 160 161 162
159 160 161 162
159 160 161 162
159 160 161 162
155 156 157
156
155 156
164
164
164
164 165
164 165 166
165
165 166
165 166
165 166 167 168 169
165 166 167 168
166
167
170 171 172
170 171 172
171 172
171 172
195 196
221
221
229 230
237 238 239
236 237
236
242 243 244
242 243 244
242 243 244
242 243
242 243 244
242 243 244
242 243 244
271 272 273
284 285 286
318 319 320 321
318 319 320 321
320 321
320 321
338 339
343 344
179 180 181 182 183 184 185 186 187 188 189 190 242 243 244
111 112 113 114 115 116 117 159 242 243 244
159 242 243 244
242 243 244
242 243 244
159
159
159
159
159 221 222 223 224 225 226
159
159
179 180 181 182 183 184 185 186 187 188 189 190
191 192 193 194 195 196 197
85 86 87 88 89 90 91 92
111 112 113 114 115 116 117
159
160 165
243 244
160
188 229 232 233 243 244
160
160
2 3 4 5 6
0 1 2
23
28 29 30
82 83 84
85 86 87 88
94
94 95
98 99 100 101 102
159 160 161
155 156
164
165
165 166
166
166 167
170 171 172
229 230
236
242 243 244
242 243 244 245
318 319 320 321
320 321
338 339
343 344
23
28 29 30
81 82 83 84
115 116
160 161
195 196
221
242 243 244
271 272 273
284 285 286
320 321
387 388 389
156
161
23
23
94 95
94 95
159 160 161
159 160 161
159 160 161
159 160 161
158 159 160 161
158 159 160 161
158 159 160 161
158 159 160 161
158 159 160 161
157 158 159 160 161
168 169 170 171 172
169 170 171 172
94
23 160 165
160
160 165
160
94 366
159 160 161 162
94 95
159 160 161 162
159 160 161 162
158 159 160 161
157 158 159 160 161 342 343 344 345 348 349 350
158 159 160 161
159 160 161
159 160 161 242 243 244 245
188 189 190 202 203 204 205 206 306 307 308 309
187 188 189 247 248 249 250 292 293 294 346 347 348 349 350 351
339 340 341
155 156 157 158 159 160 161 162
155 156 157 158 159 160 161 162
155 156 157 158 159 160 161 162
179 180 181 182 183 184 185 186 187 188 189 190
155 156 157 158 159 160 161 162
155 156 157 158 159 160 161 162
179 180 181 182 183 184 185 186 187 188 189 190
160 161
159 160 161 162
292 293 294 343 344
242 243 244 245
160 161
160 161
160 161
156 157
159 160 161 162 187 188
163 164 165 166 167 168 169 170 171 172 368 369 370 371 372 373
93 94 95 187 242 243 244
187 188 189
188 189 190
191 192 193
202 203 204 205 206
223 224 225
229
236 237
242 243
242 243 244 245
247 248 249 250
292 293 294
306 307 308 309
318 319 320 321
339 340 341
348 349 350
342 343 344 345 346 347 348 349 350 351
23
187
159 160 161 162
159 160 161 162
159 160 161 162
158 159 160 161 162
242 243 244 245 246
207 208 209 210 211 212
159 160 161 162
191 192 193 194 195 196 197
17 18 19 20 21 22 183 184 185 186 187
20 21 22 182 183 184 185 186 187 191 192 193 194 195 196 197
29 30
29 30
29 30
29 30
155 156 157 158 159 160 161 162 163 164 165 166 167 168 169 170 171 172 173 174 175 176 177 178 179 180 181 182 183 184 185 186 187 188 189 190
236 237 238 239 240 241 242 243 244 245 246 247 248 249 250
155 156 157 158 159 160 161 162 163 164 165 166 167 168 169 170 171 172 191 192 193 194 195 196 197 198 199 200 201 202 203 204 205 206
111 112 113 114 115 116 117 119 120 121 122 123 124 125 126 173 174 175 176 177 178 179 180 181 182 183 184 185 186 187 188 189 190
342 343 344 345 346 347 348 349 350 351
111 112 113 114 115 116 117 118 119 120 121 122 123 124 125 126 127 128 129 130 131 155 156 157 158 159 160 161 162 163 164 165 166 167 168 169 170 171 172 191 192 193 194 195 196 197 198 199 200 201 202 203 204 205 206 279 280 281 282 283 284 285 286 287 288 289 290 291 292 293 294
279 280 281 282 283 284 285 286 287 288 289 290 291 292 293 294
279 280 281 282 283 284 285 286 287 288 289 290 291 292 293 294
191 192 193 194 195 196 197 198 199 200 201 202 203 204 205 206
155 156 157 158 159 160 161 162 163 164 165 166 167 168 169 170 171 172
191 192 193 194 195 196 197 198 199 200 201 202 203 204 205 206
155 156 157 158 159 160 161 162 163 164 165 166 167 168 169 170 171 172
9 10 11 12 13 15 16 17 18 19 20 21 22 23 24 25 26 27 28 29 30 31 32 33 34 35 36 37 38 39 40 41 42 43 44 45 46 47 48 49 50 51 52 53 54 55 56 57 236 237 238 239 241 242 243 244 245 251 252 253 254 255 256 257 258 259 260 261 262 263 264 322 323 324 325 326 327 328 329 330
0 1 2 3 4 5 6 7 8 9 10 11 12 13 14 15 16 17 18 19 20 21 22 23 24 25 26 27 28 29 30 31 32 33 34 35 36 37 38 39 78 79 80 81 82 83 84 207 208 209 210 211 212 213 214 215 216 217 218 219 220 236 237 238 239 240 241 242 243 244 245 246 247 248 249 250 265 266 267 268 269 270 271 272 273 274 275 276 277 278 322 323 324 325 326 327 328 329 330 342 343 344 345 346 347 348 349 350 351 352 353 354 355 356 357 358 359
28 29 30 31 50 51 93 94 95 96 97 98 99 100 101 102 103 104 105 106 107 108 109 110 164 165 166 167 168 265 266 267 268 269 270 271 272 273 274 275 276 277 278 346 347 348 349 350 351
28 29 30 31 50 51 183 184 185 186 187 188 189 190 346 347 348 349 350 351
0 1 2 3 4 5 6 7 8 9 10 11 12 13 14 15 16 17 18 19 20 21 22 23 24 25 26 27
0 1 2 3 4 5 6 7 8 9 10 11 12 13 14 15 16 17 18 19 20 21 22 23 24 25 26 27 111 112 113 114 115 116 117 217 218 219 220 342 343 344 345 346 347 348 349 350 351
0 1 2 3 4 5 6 7 8 9 17 18 19 20 21 85 86 87 88 89 90 91 92 94 95 96 97 98 99 100 101 173 174 175 176 177 178 179 180 181 182 183 184 185 186 187 188 189 190 236 237 238 239 240 241 242 243 244 245 246 247 248 249 250 265 266 267 268 269 270 271 272 273 274 275 276 277 278 314 315 316 317 318 319 320 321 342 343 344 345 346 347 348 349 350 351 352 353 354 355 356 357 358 359
173 174 175 176 177 178 179 180 181 182 183 184 185 186 187 188 189 190 342 343 344 345 346 347 348 349 350 351
191 192 193 194 195 196 197 236 237 238 239 240 241 242 243 244 245 246 247 248 249 250
160 161 162
160 161 162 165 166 167 168 169
237 238 239 242 243
242
155 156
160 161
164
167 168 169 170 171 172
241 242 243 244
319 320 321
331 332 333 334 335 336 337 338 339 340 341
331 332
262 263 264
167 236
264
236 237 238 239 246 247 248 249 250 322 323 324
236 237 238 239
167 168 169 170 171 172 236
187 188 189 190
35 36
28 29 30
28 29 30
28 29 30
28 29 30
28 29 30
28 29 30
28 29 30
28 29 30
28 29 30
28 29 30
28 29 30
28 29 30
28 29 30
28 29 30
28 29 30
28 29 30
28 29 30
28 29 30
28 29 30
28 29 30
28 29 30
28 29 30
28 29 30
28 29 30
28 29 30
28 29 30
28 29 30
28 29 30
28 29 30
28 29 30
77 78
108 109 110
135 136 137 138 139 140 141
29 30
29 30
29 30
29 30
29 30
29 30
29 30
29 30
29 30
29 30
29 30
29 30
29 30
29 30
29 30
29 30
29 30
29 30
29 30
229
29 242 243 244
29 228 229 230
29 156 157 158 159 160 161 246 247 248 249 250
29
29
29 314 315 316 317 318 319 320 321
29 314 315 316 317 318 319 320 321
228 229 230
29 30
29 30
29 30
29 30
29 30 243 244 245 249 250
29 30 34 35 36
221 236 295 342
307 308
207
176
314 315 316 317 318 319 320 321
30
77 78
108 109 110
139 140 141
209

229
28 29 30 31 32
28 29 30 31 32
28 29 30 31 32
28 29
109 110
28 29
28 29
229
28 29
28 29
28 29
28 29
209 271 272
28 29
28 29
28 29
28 29
28 29
28 29
28 29
28 29
28 29
316 317
28 29
28 29
28 29
108 109 110
28 29 219
28 29
28 29
28 29
28 29
124 125 126 127 128 129 130 131
16 17 18 19 20 21 22 23 24 25 26 27 114 115 132 133 134 135 136 137 138 139 273 274 275 276 277 278
29 191 192 193 194 195 196 197
29
29
111
111
188 189 190
188 189 190
188 189 190
232
63
58 59 60
183 184 185 186 187 188 189 190
236 237 238 239
317 318 319 320 321
359
7 8
7 8
44 45 46 47
61 62 63
85
103
136 137 138
150 151
236
263
187
29 30 31 32
29 30 31 32
10 11 12 13
17 18 19 20 21 22 23 24 25 26 27
15 16 17 18 19 20 21 22 23 24 25 26 27
28 29 30 31 32 33
31
28 29 30 31
30
28 29 30
44 45 46 47 48
28 29 30 31 32 33 34 35 36 37 38 39 40 41 42 43 44 45 46 47 48 49 50 51 52 53 54 55 56 57
61 62
111 112 113 114 115 116 117 118 119 120 121 122 123 124 125 126 127 128 129 130 131
163 164 165 166 167 168 169 170 171 172
188 189 190
173 174 175 176 177 178 179 180 181 182 183 184 185 186 187 188 189 190
191 192 193 194 195 196 197
207 208 209 210 211
248 249 250
311 312 313
314 315 316 317 318 319 320 321
322 323 324 325 326 327 328 329 330
372 373 374 375
111 112 113 114
111 112 113 114 115 116 117 118 119 120 121 122 123 124 125 126 127 128 129 130 131
155 156 157 158 159 160 161 162 163 164 165 166 167 168 169 170 171 172
248 249 250
314 315 316 317 318 319 320 321
322 323 324 325 326 327 328 329 330
161
165
94 95
320 321
320 321
320 321
320 321
320 321
94 95
111 112 113 114 115
114
111 112 113
111 112 113
114 115 116 117
160 161 162
155 156 157 158 159 160
155 156 157 158 159 160
155 156 157 158
181 182 183 184 185 186 187 188 189 190
182
183 184 185 186
186 187
187 188 189 190
188 189 190
203 204 205
236
242 243
243 244 245
243 244 245
243 244 245 246
248
250
250
261 262 263
262 263
311 312
320 321
348 349 350 351
374
370 371
155 156 157 158 159 160 320 321
318 319 320
187 188 189 190 320 321
192 193 194 237
181 182 183 184 185 186 187 188 189 190
242 243 244
318 319
318 319
318 319
318 319
318 319
318 319
318 319
318 319
318 319
318 319
342 343 344 345 346 347 348 349 350 351
365 366
318 319
242 243 244
317 318 319 320 321
317 318 319 320 321
317 318 319 320 321
317 318 319 320 321
319
342 343 344 345 346 347 348 349 350 351
318 319 320 321
365 366
318 319
317 318 319 320 321
318 319 320 321
242 243 316 317
58 59 60 61 62 63
236 237 238 239
315 316 317
346 347 348 349 350 351
352 353 354 355 356 357 358 359
28 29 30 31 32 33 34 35 36 37 38 39
236 237 238 239 240 241 242 243 244 245 246 247 248 249 250 342 343 344 345 346 347 348 349 350 351 352 353 354 355 356 357 358 359
74 75 76 77 78 79 80 81 82 83 84 342 343 344 345 346 347 348 349 350 351 352 353 354 355 356 357 358 359
236 237 238 239
181 182 183 184 185 186 187 188 236 237 238 239
173 174 175 176 177 178 179 180 181 182 183 184 185 186 187 188 189 190 236 237 238 239
181 182 183 184
346 347 348 349 350 351
179 180 181 182 183 184 185 186 187 188 189 190
16 17 18 19 20 21 22 23 24 25 26 27
314 315 316 317 318 319 320 321
342 343 344 345 346 347 348 349 350 351
188 189 190
191 192 193 194 195 196 197
233 234 235
233 234 235
188 189 190
381 382 383 384 385 386
352 353 354 355 356 357 358 359
331 332 333 334 335 336 337 338 339 340 341
338 352 353 354 355 356 357 358 359
186 187 338 339 340 341
3 4 5 6 7 8 191 192 193 194 331 332 333 334 335 336 337 338 339 340 341
259 260 261 262 263 264 331 332 333 334 335 336 337 338 339 340 341 352 353 354 355 356 357 358 359
3 4 5 6 7 8 9 111 112 113 114 115 116 117
229 230 231 232 233 234 235
173 174 175 176 177 178 179 180 181 182 183 184 185 186 187 188 189 190
207 208 209 210 211 212 213 214 215 216 217 218 219 220
236 237
322 323 324 325 326 327 328 329 330
352 353 354 355 356 357 358 359
352 353 354 355 356 357 358 359
368 369 370 371 372 373 374 375 376 377 378 379 380 381 382 383 384 385 386
352 353 354 355 356 357 358 359
352 353 354 355 356 357 358 359
368 369 370 371 372 373 374 375 376 377 378 379 380 381 382 383 384 385 386
368 369 370 371 372 373 374 375 376 377 378 379 380 381 382 383 384 385 386
358 359
352 353 354 355 356 357 358 359
352 353 354 355 356 357 358 359
325 326 327 328 329 330
179 180 181 182 183 184 185 186 187 188 189 190
352 353 354 355 356 357 358 359
376 377 378 379 380 381 382 383 384 385 386
34 35
35 36
319 320
237 308 309
35 36
188 189 190
111 112 113 129 130
204 205
237 308 309
35 36
188 189 190
111 112 113 129 130
204 205
188 189 190
188 189 190
188 189 190
188 189 190
34 35 36
34 35 36
34 35 36
34 35 36
34 35 36
191 192 193 194
377 378
236 237 238 239
277 278
15 16 17 18 19 20 21 22 23 24 25 26 27
15 16 17 18 19 20 21 22 23 24 25 26 27
15 16 17 18 19 20 21 22 23 24 25 26 27
111 112 113 114 115 116 117 118 119 120 121 122 123 124 125 126 127 128 129 130 131
155 156 157 158 159 160 161 162
155 156 157 158 159 160 161 162
155 156 157 158 159 160 161 162
179 180 181 182 183 184 185 186 187 188 189 190
198 199 200 201 202 203 204 205 206
198 199 200 201 202 203 204 205 206
198 199 200 201 202 203 204 205 206
227 228 229 230 231 232 233 234 235
227 228 229 230 231 232 233 234 235
279 280 281 282 283 284 285 286 287 288 289 290 291 292 293 294
279 280 281 282 283 284 285 286 287 288 289 290 291 292 293 294
279 280 281 282 283 284 285 286 287 288 289 290 291 292 293 294
314 315 316 317 318 319 320 321
322 323 324
331 332 333 334 335 336 337 338 339 340 341
331 332 333 334 335 336 337 338 339 340 341
331 332 333 334 335 336 337 338 339 340 341
331 332 333 334 335 336 337 338 339 340 341
331 332 333 334 335 336 337 338 339 340 341
331 332 333 334 335 336 337 338 339 340 341
346 347 348 349 350 351
346 347 348 349 350 351
206
382 383 384
230 231 232
188 189 190
74 75
79 80 81 82
139 140 141
203 204 205
327 328 329 330
368 369 370 371 372 373 374 375 376 377 378 379 380 381 382 383 384 385 386
79 80 81 82 83 84
318 319 320 321
114 115 116 117
0 1 2
33 34 35 36
33 34 35 36
33 34 35 36
29 30 31
70
107 108 109 110
136 137 138
187
188 189 190
188 189 190
242 243
273 274 275 276
291 292
328 329 330
328 329 330
338 339 340 341
379 380 381 382
224 225
228 229
323
368 369 370
368 369 370 371 372 373 374 375
377 378 379
377 378 379 380 381
377 378 379 380 381 382 383 384 385
376 377 378 379 380 381 382 383 384 385 386
66
242 243 244 245
371 372 373 374
370 371 372 373 374
369 370 371 372 373 374
376 377 378 379 380 381 382 383 384 385 386
29 30
28
28
62 63 64
77 78
79 80 81 82 83 84
79 80 81 82 83 84
79 80 81 82 83 84
79 80 81 82 83 84
79 80 81 82 83 84
155
187 188 189 190
187 188 189 190
187 188 189 190
191 192 193 194 195 196 197 198 199 200 201 202 203 204 205 206
206
209 210
209 210
236
260 261 262
260 261 262
260 261 262
290 291 292 293 294
321
328 329 330
328 329 330
328 329 330
328 329 330
328 329 330
338 339 340 341
349
384 385 386
384 385 386
384 385 386
384 385 386
384 385 386
28 29
277 278 328 329 330
385 386
210 211 212
85 86 87 88
242 243
371 372 373 374 375
328 329 330
155 156
368 369 370
59
322 323 324 331 383
327 328 331 332 333 334 335 336 337 338 339 340 341
77 78 79 80 81 82 83 84
79 80 81 82 83 84
384 385 386
78 79 80 81 82 83 84
17 18 19
17 18 19
33 34 35 36 37
33 34 35 36 37
33 34 35 36 37
132 133 134
188 189 190
188 189 190
206
208 209 210
241 242 243
241 242 243
262
298
312
326 327 328 329 330
326 327 328 329 330
326 327 328 329 330
326 327 328 329 330
326 327 328 329 330
326 327 328 329 330
366
371 372 373 374 375
380 381 382 383 384 385 386
384 385 386
34 35 36 37
241 242
372 373 374
370
377 378 379 380 381 382 383 384
34 35 36
74 75 76 77 78 79 80 81 82 83 84
111 112 113
129 130
188 189 190
204 205
227 228 229 230 231 232 233 234 235
237
295 296 297 298 299 300 302 303
307 308 309
308 309
322 323 324
328 329 330
342 343 344 345 346 347 348 349 350 351
17 18 19 20 21 22
23 24 25
17
79 80 81 82 83 84
79 80 81 82 83 84
164
164
232 233 234 235
241 242 243
246 247 248 249 250
246 247
248 249 250
314 315 316 317 318 319 320 321
323 326 327 328
323 326 327 328
326
327 328
328 329
34 35 36
34 35 36
139
210 211 242
290 291 292
328
34 35 36
33 34 35
28 29
188 189 190
191 192
191 192 193 194 195 196 197
371 372 373 374 375
371
380 381 382 383 384 385 386
17
17
17
34 35 36
34 35 36 263 264 328
34 35 36
34 35 36
34 35 36
74 75
139 181
188 189 190 206
188 189 190 242
195 196
233 234
242
243 244 245
263 264
298
328
328
33 34 35 36
33 34 35 36
191 192
371 372 373 374 375
380 381 382 383 384 385 386
28 29 30
316 317
338
384 385 386
176 177 179 180 181 182 183 184 185 186 187 188 189 190
176 177 179 180 181 182 183 184 185 186 187 188 189 190
186 187 188 189 190
186 187 188 189 190
179 180 181 182 183 184 185 186 187 188 189 190
188 189 190
15 16 17 18 19 20 21 22 23 24 25 26 27
251 252 253 254 255 256 257 258 259 260 261 262 263 264
114 149 371
111 112 113
85
98 99
115 116 117
242 243
74
33 34 35
188 189 190
233
229 230 231 232 233 234 235 347
233 234 235
328 329 330
191 192
328 329 330
241 242 243
328 329 330
16 17 18 19
16 17 18 19
16 17 18 19
16 17 18 19
16 17 18 19
16 17 18 19
16 17 18 19
16 17 18 19
16 17 18 19
16 17 18 19
16 17 18 19
16 17 18 19
16 17 18 19
16 17 18 19
53 54 55 56 57
86 87 88 89 90 91
86 87 88 89 90 91
111 112 113 114 115 116 117 118 119 120 121 122 123 124 125 126 127 128 129 130 131
135 136 137 138 139 140
135 136 137 138 139 140
135 136 137 138 139 140
135 136 137 138 139 140
159 160 161 164 165
165 166 167 168
180 181 182 183 184 185 186 187 188 189
180 181 182 183 184 185 186 187 188 189
180 181 182 183 184 185 186 187 188 189
180 181 182 183 184 185 186 187 188 189
180 181 182 183 184 185 186 187 188 189
180 181 182 183 184 185 186 187 188 189
191 192 193 194
207 208 209 210 211 212
207 208 209 210 211 212
219 220
228 229
228 229
238 239
240 241 242 243 244 245 246 247 248 249 250
260 261 262 263 264
271
312
312
312
315 316 317 318 319 320 321
315 316 317 318 319 320 321
336 337 338 339 340 341
338
338
349 350 351
349 350 351
349 350 351
349 350 351
349 350 351
349 350 351
349 350 351
380 381 382 383 384 385 386
380 381 382 383 384 385 386
380 381 382 383 384 385 386
380 381 382 383 384 385 386
380 381 382 383 384 385 386
387 388 389 391
387 388 389 391
387 388 389 391
17 18 19 20 21 22
17 18 19 20 21 22
18 19 20 21 22 23
18 19 20 21 22 23
15 16 17 18 19 20 21 22 23 24 25 26 27
15 16 17 18 19 20 21 22 23 24 25 26 27
167
163 164 165 166 167 168 169 170 171 172
227 228
229
229
229
229
229
229
229
271
271
316
15 16 17 18 19 20 21 22 23 24 25 26 27
15 16 17 18 19 20 21 22 23 24 25 26 27
15 16 17 18
15 16 17 18
15 16 17 18
15 16 17 18 19 20 21
15 16 17 18 19 20 21
15 16 17 18 19 20 21
61 62 63
61 62 63
61 62 63
179 180 181 182 183 184 185 186 187 188 189 190
179 180 181 182 183 184 185 186 187 188 189 190
179 180 181 182 183 184 185 186 187 188 189 190
319 320 321
319 320 321
319 320 321
323 326 327 328 329 330
323 326 327 328 329 330
323 326 327 328 329 330
346 347 348
346 347 348
346 347 348 349 350 351
346 347 348 349 350 351
346 347 348 349 350 351
15 16 17 18 19 20 21 22 23 24 25 26 27
179 180 181 182 183 184 185 186 187 188 189 190
179 180 181 182 183 184 185 186 187 188 189 190
78 79 80 81 82 83 84 163 164 165 166 167 168 169 170 171 172 179 180 181 182 183 184 185 186 187 188 189 190
15 16 17 18 19 20 21 22 23 24 25 26 27
229
229
229
229
229
15 16 17 18 19 20 21 22 23 24 25 26 27
118 119 120 121 122 123 124 125 126 127 128 129 130 131
163 164 165 166 167 168 169 170 171 172
179 180 181 182 183 184 185 186 187 188 189 190
314 315 316 317 318 319 320 321
124
179 180 181 182 183 184 185 186 187 188 189 190
15 16 17 18 19 20 21 22 23 24 25 26 27 179 180 181 182 183 184 185 186 187 188 189 190
179 180 181 182 183 184 185 186 187 188 189 190
17 18 19 342 343 344 345 346 347 348 349 350 351
15 16 17 18 19 20 21 22 23 24 25 26 27 207 208 209 210 211 212 374 376 377 378 379 380 381 382 383 384 385 386
15 16 17 18 19 20 21 22 23 24 25 26 27
17 18 19 20 21 336 337 338 339 340 341 349 350 351
382 383 384 385 386
179 180 181 182 183 184 185 186 187 188 189 190 379 380 381 382 383 384 385
15 16 17 18 19 20 21 22 23 24 25 26 27 132 133 134 135 136 137 138 139 140 141 164 165 166 167
179 180 181 182 183 184 185 186 187 188 189 190
177 179 180 181 182 183 184 185 186 187 188 189 190
348 349 350 351
12 13 15 16 17 18 19 20 21 22 23 24 25 26 27
12 13 15 16 17 18 19 20 21 22 23 24 25 26 27 338
318 319 320 321
175 176 177 180 181 182 183 184 185 186 187 314 315 316 317 318 319 320 321 346 347 348 349 350 351 378 379 380 381 382 383 384 385 386
15 16 17 18 19 20 21 22 23 24 25 26 27
17 18 19 20 21 22 111 112 113 379 380 381 382 383 384 385 386
132 133 134 135 136 137 138
177 178 179 180 181 182 183 184 185 186 187 188 189 190 228 229
370 371 372 373 374
17
165 166 167 168
15 16 17 18 19 20 21 22 23 24 25 26 27
15 16 17 18 19 20 21 22 23 24 25 26 27 132 133 134 135 136 137 138 139 140 141 143 368 369 370
12 13 15 16 17 18 19 20 21 22 23 24 25 26 27 132 133 134 135 136 137 138 139 140 141 143 144 145 146 179 180 181 182 183 184 185 186 187 188 189 190
376 377 378 379 380 381 382 383 384 385 386
15 16 17 18 19 20 21 22 23 24 25 26 27 137
348 349 350
229
229
229
17 18 19 20 21
17 18 19 20 21 22
17 18 19 20 21 22 23 24 25 26 27
58 59 60 61 62 63 64 65 66 67 68 69 70 71 72 73 74 75 76 77 78 79 80 81 82 83 84
132 133 134 135 136 137 138 139 140 141
165 166 167 168
155 156 157 158 159 160 161 162 163 164 165 166 167 168 169 170 171 172
179 180 181 182 183 184 185 186 187 188 189 190
173 174 175 176 177 178 179 180 181 182 183 184 185 186 187 188 189 190
204 205 206
213 214 215 216 217 218 219 220
259 260 261 262 263 264
261 262 263 264
336 337 338 339 340 341
342 343 344 345 346 347 348 349 350 351
368 369 370 371 372 373 374 375 376 377 378 379 380 381 382 383 384 385 386
17 18 19 20 21 22
19 20
21 22
24 25 26 27
25 26 27
26 27
15 16 17 18 19 20 21 22 23 24 25 26 27
49 50 51 52 53 54 55
58 59 60 61 62 63
71 72 73 74 75 76 77 78 79 80 81 82 83 84
89 90
111 112 113
136
132 133 134 135 136 137 138 139 140 141
143
143 144
166 167 168 169 170 171 172
155 156 157 158 159 160 161 162 163 164 165 166 167 168 169 170 171 172
177
180 181 182 183 184 185 186 187
180 181 182 183 184 185 186 187 188 189
182 183 184 185 186 187 188 189 190
183
186 187
187
188
179 180 181 182 183 184 185 186 187 188 189 190
207 208 209 210 211 212
214 215
213 214 215 216 217 218 219 220
228 229 230 231 232
229 230
260 261 262 263 264
261
317 318 319 320 321
338 339
338 339 340 341
342 343
342 343 344 345
349 350
346 347 348 349 350 351
370 371 372 373 374
371 372
368 369 370 371 372 373 374 375
380 381 382 383 384
385 386
376 377 378 379 380 381 382 383 384 385 386
15 16 17 18 19 20 21 22 23 24 25 26 27 186 187 188 189 190 261 262 263 264
16 17 18 19 20 314 315 316 317 318 319 320 321
179 180 181 182 183 184 185 186 187 188 189 190 279 280 281 282 284 285 286 287
179 180 181 182 183 184 185 186 187 188 189 190
184 185 186 187 188 189 190 352 353 354 355 356 357 358 359
184 185 186 187 188 189 190 350 351
320 321
314 315 316 317 318 319 320 321 342 343 344 345 376 377 378 379 380 381 382 383 384 385 386
347 348 349 350 351
385 386
360 361 362 363 365
229
229
229
229
16 17 18
16 17 18 19 20 21
16 17 18 19 20 21 22
15 16 17 18 19 20 21 22 23 24 25 26 27
111 112 113 114 115 116 117
132 133 134 135 136 137 138 139 140 141
183 184 185 186 187 188 189 190
186 187 188 189 190
179 180 181 182 183 184 185 186 187 188 189 190
337 338 339 340
338 339
16 17 18
16 17 18
16 17 18
16 17 18 19 20 21
16 17 18 19 20 21 22
15 16 17 18 19 20 21 22 23 24 25 26 27
111 112 113 114 115 116 117
132 133 134 135 136 137 138 139 140 141
183 184 185 186 187 188 189 190
186 187 188 189 190
179 180 181 182 183 184 185 186 187 188 189 190
244 245
337 338 339 340
338 339
23 24 25 26 27
186 187 188
342 343 344
347 348 349 350
347 348 349 350 351
17 18 19
50
50
180 181 182
180 181 182 183 184 185
218 219 220
48 49 50
15 16 17 18 19 20 21 22 23 24 25 26 27
23
48 49 50 51 52 53 54
50
17 18 19 20 21 22 23 24 25 26 27
43 44 45 46 47 48 49 50 51 52 53 54 55 56
49 50 51
50 51 52 53 54
127
129 130 131
173 174 175
179 180 181 182 183 184 185 186 187 188 189 190
318 319 320 321
310 311 312 313 314 315 316 317 318 319 320 321
342 343 344 345 346 347 348 349 350 351
368 369 370 371 372 373 374 375 376 377 378 379 380 381 382 383 384 385 386
85 86 87 88 89 90 91 92
111 112 113 114 115 116 117
155 156 157 158 159 160 161 162
179 180 181 182 183 184 185 186 187 188 189 190
207 208 209 210 211 212
255 256 257 258 259 260 261 262 263 264
325 326 327 328 329 330
346 347 348 349 350 351
295 296 297 298 299 300 301 302 303 304 305 306 307 308 309 342 343 344 345 346 347 348 349 350 351
50 51 52 53 54
50 51 52 53 54
78 79 80 81 82 83 84
111 112 113 114 115 116 117
111 112 113 114 115 116 117
111 112 113 114 115 116 117
111 112 113 114 115 116 117
111 112 113 114 115 116 117
111 112 113 114 115 116 117
111 112 113 114 115 116 117
111 112 113 114 115 116 117
111 112 113 114 115 116 117
138 139 140 143 144 145
160 161 164 165
164 165 166 167
165 166
182 183 184 185 186 187 188 189 190
186 187
225
227 228 229
227 228 229
227 228 229
227 228 229
227 228 229
227 228 229
227 228 229
227 228 229
227 228 229
227 228 229
227 228 229
227 228 229
227 228 229
227 228 229
237 238
259 260 261 262 263 264
259 260 261 262 263 264
264
42
165
229
347
231 232 233
231 232 233
271 272
70 71 72 73 74 75 76 77 78 79 80 81 82 83 84
74 75 76 77 78 79 80 81 82 83 84
75 76 77 78 79 80 81 82 83 84
77 78 79 80 81 82 83 84
111 112 113 114 115
111 112 113 114 115 116 117
155 156 157 158 159 160 161 162
164 165 166 167
165 166
165 166 167
166 167
166 167
182 183 184 185 186 187 188 189 190
186 187 188 189 190
186 187 188 189 190
179 180 181 182 183 184 185 186 187 188 189 190
207 208 209 210 211
229
236 237 238 239
270 271 272 273 274 275 276
322 323 324
346 347 348 349 350 351
352 353 354 355 356 357 358 359
15 16 17 18 19 20 21 22 23 24 25 26 27 28 29 30 31 32 33 34 35 36 37 38 39 58 59 60 61 62 63 64 65 66 67 68 69 70 71 72 73 74 75 76 77 78 79 80 81 82 83 84 111 112 113 114 115 116 117 118 119 120 121 122 123 124 125 126 127 128 129 130 131 142 143 144 145 146 147 148 149 150 151 152 153 154 155 156 157 158 159 160 161 162 191 192 193 194 195 196 197 207 208 209 210 211 212 221 222 223 224 225 226 240 241 242 243 244 245 246 247 248 249 250 325 326 327 328 329 330 342 343 344 345 376 377 378 379 380 381 382 383 384 385 386
0 1 2 3 4 5 6 7 8 9 10 11 12 13 14 15 16 17 18 19 20 21 22 23 24 25 26 27 40 41 42 43 44 45 46 47 48 49 50 51 52 53 54 55 56 57 68 69 70 71 72 73 74 75 76 77 78 79 80 81 82 83 84 142 143 144 145 146 147 148 149 150 151 152 153 154 179 180 181 182 183 184 185 186 187 188 189 190 191 192 193 194 195 196 197 255 256 257 258 259 260 261 262 263 264 376 377 378 379 380 381 382 383 384 385 386
114
114
114
139
139
139
160
160
160
187
187
187
245
245
245
293
293
293
316 317
316 317
316 317
338
338
338
343
343
343
348
348
348
383
383
383
52 53 54
77 78 79 80 81
85 86 87 88 89 90 91 92
85 86 87 88 89 90 91 92
163 164 165 166 167
173 174 175 176 177 178 179 180 181 182 183 184 185 186 187 188 189 190
227 228 229 230 231 232 233 234 235
247 248 249 250
314 315 316 317 318 319 320 321
346 347 348 349 350 351
346 347 348 349 350 351
346 347 348 349 350 351
156 157 158
155 156 157 158 159 160 161 162
166 167
173 174 175
187
187
187
317
317
315 316 317
157 158
316 317
346 347 348 349 350 351
316 317 347 348 349 350 351
317
348
165
188 290 291 292
317
81
17
165
165
317
174
175
347 348 349 350 351
166 215 238
175
175
176
219
349
165
188 189 190 292 293 294
346 347 348 349 350 351
229 230
52 53 54 163 164 165 166 167
77 78 79 80 81 85 86 87 88 89 90 91 92 173 174 175 183 184 185 186 187 188 189 190 229 247 248 249 250 349 350 351
0 1 2 3 4 5 155 156 157 158 159 160 161 162 186 187 188 189 190 233 234 235 336 337 338 339 340 341 346 347 348 349 350 351
136 137 336 337 338 339 340 341 346 347 348 349 350 351
111 112 113 114 115 116 117 348 349
78 79 82 83 115 116 155 156 157 158 159 160 161 162 237 243 244 248 249 250 346 347 348 349 350 351
51 53 54 132 133 134 135 136 137 138 139 140 141 155 156 157 158 159 160 161 162 186 187 188 189 190 229 230 251 252 253 254 255 256 257 258 259 260 261 262 263 264 316 342 343 344 345 346 347 348 349 350 351 360 361 362 363 364 365 366 367
159 160 161 162 188 189 190 315 316 317 336 337 338 339 340 341 346 347 348 349 350 351
136 137 138 155 156 157 158 159 187 188 189 190
165 173 174 243 244 293 294
165 260 261 262 263 264 336 337 338 339 340 341 342 343 344 345 346 347 348 349 350 351
149 150 151
176 177 178 237
111 112 113 114 115 116 117 188 189 223 224
165 166 167 269 270 271 272 273 274 275 276
115 116 188 189 190 243
114 115 116 117
0 1 2 3 4 5 159 160 161 162 188 207 208 209 210 211 212 342 343 344 345 346 347 348 349 350 351
230 231 232 233 314 315 316 317 318 319 320 321 346 347 348 349 350 351
155 156 157 158 179 180 181 182 183 184 185 186 187 188 189 190 251 252 253 254 255 256 257 258 259 260 261 262 263 264 342 343 344 345 346 347 348 349 350 351
179 180 181 182 183 184 185 186 187 188 189 190 191 192 193 194 195 196 197 346 347 348 349 350 351
165 166 186 187 238 239 316 317
165
165
317
347 348 349 350 351
173 174 175 176
186 187 188 189 190
28 29 30
136 137 138
167
167
167
167
167
167
173 174
173 174
173 174
187
187
187
187
229
229
236 237
236 237
259 260 261
316 317
316 317
316 317
317
328 329 330
337 338 339 340 341
346 347 348 349 350 351
346 347 348 349 350 351
346 347 348 349 350 351
346 347 348 349 350 351
58 59
103
147
230
238
258 259 260 261
251 252 253 254 255 256 257 258 259 260 261 262 263 264
316 317
346 347 348
79 80 81 137 138 139
111 112 113 114 115 116 117 237 238 239 262 263 264
137 138 139 157 181 182 183 184 185 186 187 188 189 190 262 263 264 349 350 351
338
371 372 373 374 376 377 378 379 380 381 382 383 384 385 386
137 138 139
157
28 349 350 351
157 174 338
74
136 137 138
167
187
337
349 350 351
173 174 175 176 177 178
336 337 338 339 340 341
346 347 348 349 350 351
347 348 349 350
187 188 189
187 188 189
242 243 244 346 347 348 349 350 351
187 188 189 190
346 347 348
58 59
103
147
230
238
258 259 260 261
316 317
346 347 348
179 180 181 182 183 184 185 186 187 188 189 190 207 208 209 210 291 292 293 342 343 344 345 346 347 348 349 350 351
342 343 344 345 346 347 348 349 350 351
342 343 347 348 349 350
346 347 348 349 350 351
202 203 204 205 206 317 348 349 350 351
348
348 349 350 351
349 350 351
173 174 175 316 317 318 319 320 321 326 327 347 348 349 350 351
229 242 243 348 349 350 351
317 348 349 350 351
348 349 350
348 349 350 351
316 317 347 348 349 350 351
229 230 231 232 233 342 343 347 348 349 350 351
248 249 250 348 349 350 351
17 248 249 250 317 320 321 347 348 349 350 351
237 316 317 318 319 320 321 348
248 249 250 291 292 293 319 320 321 347 348 349 350 351
248 249 250 348 349 350 351
348 349 350 351
347 348 349 350 351
247 248 249 250 291
349 350 351
48 49 50 51 52
173 174 175 176 177 178
179 180 181 182 183 184 185 186 187 188 189 190
255 256 257 258 259 260 261 262 263 264
283 284 285 286 287 288 289 290 291 292 293 294
342 343 344 345
346 347 348 349 350 351
165 166 167 168 169 170 171 172
179 180 181 182 183 184 185 186 187 188 189 190
259 260 261 262 263 264
317 318 319 320 321
328 329
342 343 344 345 346 347 348 349 350 351
136 137 138
167
167
167
167
167
167
173 174
173 174
173 174
187
187
187
187
229
229
236 237
236 237
317
337
349 350 351
155 156 157 158
179 180 181 182 183 184 185 186 187 188 189 190
251 252 253 254 255 256 257 258 259 260 261 262 263 264
342 343 344 345 346 347 348 349 350 351
138 139
111 112 113 114 115 116 237 238 262 263 264
138 139 156 157 158 165 166 167 168 169 170 171 181 182 183 184 185 186 187 188 189 190 256 257 258 259 260 261 262 263 264 349 350 351
157
371 372 373 374 375 376 377 378 379 380 381 382 383 384 385 386
137 138 139 140 141
316 317
165 174 175 176 177 180 181 182 183 184 185 186 187
316 317
29 30
167 168
174 175
219 220
229
314 315 316 317
346 347 348 349 350 351
165
174
238
316 317
338 339
251 252 253 254 255 256 257 258 259 260 261 262 263 264
315 316 317 318
348 349 350 351
77
156 157 158
156 157 158
183 184 185
187 188 189 190
187 188 189 190
187 188 189 190
179 180 181 182 183 184 185 186 187 188 189 190
179 180 181 182 183 184 185 186 187 188 189 190
179 180 181 182 183 184 185 186 187 188 189 190
179 180 181 182 183 184 185 186 187 188 189 190
255 256 257 258 259 260 261 262 263 264
255 256 257 258 259 260 261 262 263 264
255 256 257 258 259 260 261 262 263 264
255 256 257 258 259 260 261 262 263 264
255 256 257 258 259 260 261 262 263 264
302 303 304 305 306
302 303 304 305 306
316 317
314 315 316 317 318 319 320 321
348 349 350 351
348 349 350 351
348 349 350 351
348 349 350 351
348 349 350 351
346 347 348 349 350 351
346 347 348 349 350 351
346 347 348 349 350 351
346 347 348 349 350 351
346 347 348 349 350 351
342 343 344 345 346 347 348 349 350 351
342 343 344 345 346 347 348 349 350 351
342 343 344 345 346 347 348 349 350 351
342 343 344 345 346 347 348 349 350 351
368 369 370 371 372 373 374 375
376 377 378 379 380 381 382 383 384 385 386
376 377 378 379 380 381 382 383 384 385 386
137 138 139 140
181 182 183 184 185 186 187
186 187
188
310 311 312
342 343 344
346 347 348 349 350 351
357 358
155 156 157 158 159 160 161 162
179 180 181 182 183 184 185 186 187 188 189 190
179 180 181 182 183 184 185 186 187 188 189 190
179 180 181 182 183 184 185 186 187 188 189 190
188 189 190
188 189 190
188 189 190
188 189 190
242
255 256 257 258 259 260 261 262 263 264
255 256 257 258 259 260 261 262 263 264
317
330
342 343 344 345 346 347 348 349 350 351
342 343 344 345 346 347 348 349 350 351
342 343 344 345 346 347 348 349 350 351
346 347 348 349 350 351
346 347 348 349 350 351
346 347 348 349 350 351
346 347 348 349 350 351
349 350 351
349 350 351
349 350 351
349 350 351
349 350 351
368 369 370 371 372 373 374 375
376 377 378 379 380 381 382 383 384 385 386
376 377 378 379 380 381 382 383 384 385 386
346 347 348 349 350 351
255 256 257 258 259 260 261 262 263 264
155 156 157 177 187 205 206 214 215 251 252 253 254 255 256 257 258 259 260 261 262 263 264 326 327 328 346 347 348 349 350 351
316 317
255 256 257 258 259 260 261 262 263 264
255 256 257 258 259 260 261 262 263 264
255 256 257 258 259 260 261 262 263 264
316 317
68 69 70 71 72 73 74 75 76 77 78 79 80 81 82 83 84
135
160
160
160
160
189
189
189
189
189
189
194
255 256 257 258 259 260 261 262 263 264
255 256 257 258 259 260 261 262 263 264
255 256 257 258 259 260 261 262 263 264
255 256 257 258 259 260 261 262 263 264
302
302
317 318
317 318
317 318
350
350
350
350
350
350
350
350
350
28 29 30
186 187 188 189 190
187 188 189 190
244
338 339
32
29 30
68 69 70 71 72 73 74 75 76 77 78 79 80 81 82 83 84
79 80 81 82 83 84
68 69 70 71 72 73 74 75 76 77 78 79 80 81 82 83 84
79 80 81 82 83 84
111 112 113 114 115 116 117 118 119 120 121 122 123 124 125 126 127 128 129 130 131
111 112 113 114 115 116 117
179 180 181 182 183 184 185 186 187 188 189 190
368 369 370 371 372 373 374 375
111 112 113 114 115 116 117 118 119 120 121 122 123 124 125 126 127 128 129 130 131
79 80 81 82 83 84
68 69 70 71 72 73 74 75 76 77 78 79 80 81 82 83 84 295 296 297 298 299 300
179 180 181 182 183 184 185 186 187 188 189 190
111 112 113 114 115 116 117 118 119 120 121 122 123 124 125 126 127 128 129 130 131
40 41 42 43 44 45 46 47 48 49 50 51 52 53 54 55 56 57 186 187 188 189 190 314 315 316 317 318 319 320 321
173 174 175 176 177 178 179 180 181 182 183 184 185 186 187 188 189 190
191 192 193 194 195 196 197
246 247 248 249 250
111 112 113 114 115 116 117
122
312
338
167
188 189 190
17 18 19 20 21 22
158 159 160 161 162
155 156 157
166 167
182 183 184 185 186 187 188 189 190
186 187 188 189
186 187 188 189 190
187
207 208 209 210 211 212
236 237 238 239
236 237
236 237 238 239
241 242 243 244 245 246 247
242 243 244 245
271 272 273 274
290 291 292 293 294
316 317 318 319 320 321
322 323 324
338
338 339 340 341
347 348 349 350 351
360 361 362 363 364 365 366 367
368 369 370 371 372
368 369 370
384 385 386
17 18 19
163 164
155 156 157 158 159 160 161 162 163 164 165 166 167 168 169 170 171 172 191 192 193 194 195 196 197 198 199 200 201 202 203 204 205 206
111 112 113 127 128 129 130 131 132 133 134 135 136 137 138 152 153 154 202 203 204 205 206 274 275 276 277 278 295 296 297 298 299 300 301 302 303 304 305 306 307 308 309 331 332 333 334 335 336 337 338 339 340 341
331 332 333 334 335 336 337 338 339 340 341
331 332 333 334 335
205 206 331 332 333 334 335 336 337 338 339 340 341
15 16 17 18 19 20 21 22 23 24 25 26 27 58 59 60 61 62 63 64 65 66 67 173 174 175 176 177 178 179 180 181 182 183 184 185 186 187 188 189 190 265 266 267 268 269 270 271 272 273 274 275 276 277 278
260 261 262 263 264
191 192 193 194 195 196 197 251 252 253 254 255 256 257 258 259 260 261 262 263 264 265 266 267 268 269 270 271 272 273 274 275 276 277 278 352 353 354 355 356 357 358 359
85
111 112 113
121
121
128 129 130 131
188 189 190
204 205 206
242 243
242 243
0 1 2 3 4 18 19 20 21 58 59 60 320 321 336 337 338 339 340 341
158 159 160 161
331
331
331 332 333 334 335 336 337 338 339 340 341
331 332 333 334 335
341
0 1 2 3 4 5 6 7 8
0 1 2 3 4 5 6 7 8
130 131
155 156
155
155
169 170 171 172
172
172
206
206
206
206
206
206
206
228 229
320 321
331 332 333 334 335 336 337 338 339 340 341
331 332 333 334 335 336 337 338 339 340 341
331 332 333 334 335 336 337 338 339 340 341
331 332 333 334 335 336 337 338 339 340 341
331 332 333 334 335 336 337 338 339 340 341
331 332 333 334 335 336 337 338 339 340 341
331 332 333 334 335 336 337 338 339 340 341
331 332 333 334 335 336 337 338 339 340 341
364 365 366 367
364 365 366 367
136
136
206
206
206
206
206
206
229
240 241 242 243 244 245
260 261 262 263 264
295 296 297 298 299 300 301 302 303 304 305 306 307 308 309
128 129 130 131 242 243 244
111 112 113
85 86 87 88 241 242 243 244 346 347 348 349 350 351
7 8
151
166
236
360 361 362 363 364 365 366 367
360 361 362 363 364 365 366 367
179 180 181 182 183 184 185 186 187 188 189 190 213 214 215 216 217 218 219 220 289 290 291 292 293 294 360 361 362 363 364 365 366 367
188 189 190 292 293 294 348 349 350 351
16 17 18 19 20 21 22 23 24 25 26 27 78 79 80 81 82 135 136 137 138 155 156 157 158 159 173
23 24 25 26 27 173 295 296 297 298 299 300 308 309 349 350 351
188 189 190 384 385 386
155 156 157 158 159 160 161 162 164 165 166 301 302 303 304 305 306 307 308 309 346 347 348 349 350 351
155 156 157 158 159 160 161 162 164 165 187 188 189 190 221 222 223 224 225 226 227 228 229 230 231 232 233 234 235 273 274 275 276 277 278 295 296 297 298 299 300 301 302 303 304 305 306 307 308 309 342 343 344 345 346 347 348 349 350 351
111 112 113 114 115 116 117
182 183 184 185 186 187 188
186 187 188 189 190
237 238
337 338 339
346 347 348 349 350 351
179 180 181 182 183 184 185 186 187 188 189 190 383 384 385 386
77 78 79 80 81 82 83 84 186 187 188 189 190 229 230 231 232 233 246 247 248 249 250
111 112 113 114 115 116 117 237 238 239 258 259 260 261 262
179 180 181 182 183 184 185 186 187 188 189 190
20 21 22 23 24 25 26 27 47 48 49 50 51 52 53 54
236 237 292 293 294
114 115 116 122 123 124 125 126 155 156 157 158 159 160 161 162 179 180 181 182 183 184 185 186 187 188 189 190
179 180 181 182 183 184 185 186 187 188 189 190
346 347 348 349 350 351
114 115 116 117 322 323 324
236 237 238 239
111 112 113 114 115 116 117
111 112 113 114 115 116 117 118 119 120 121 122 123 124 125 126 127 128 129 130 131
161 164
161 164 165 166 167
155 156 157 158 159 160 161 162 163 164 165 166 167 168 169 170 171 172
155 156 157 158 159 160 161 162 163 164 165 166 167 168 169 170 171 172
196 199 200 201
195 196 199 200 201 202 203 204 205 206
198 199
204 205 206
238 241 242
236 237 238 239 240 241 242 243 244 245 246 247 248 249 250
295 296 297 298 299 300 301 302 303 304 305 306 307 308 309
312 315 316 317 318 319 320 321
310 311 312 313 314 315 316 317 318 319 320 321
310 311 312 313 314 315 316 317 318 319 320 321
310 311 312 313 314 315 316 317 318 319 320 321
310 311 312 313 314 315 316 317 318 319 320 321
310 311 312 313 314 315 316 317 318 319 320 321
310 311 312 313 314 315 316 317 318 319 320 321
310 311 312 313 314 315 316 317 318 319 320 321
310 311 312 313 314 315 316 317 318 319 320 321
331 332 333 334 335 336 337 338 339 340 341
331 332 333 334 335 336 337 338 339 340 341
331 332 333 334 335 336 337 338 339 340 341
331 332 333 334 335 336 337 338 339 340 341
331 332 333 334 335 336 337 338 339 340 341
331 332 333 334 335 336 337 338 339 340 341
331 332 333 334 335 336 337 338 339 340 341
331 332 333 334 335 336 337 338 339 340 341
331 332 333 334 335 336 337 338 339 340 341
331 332 333 334 335 336 337 338 339 340 341
331 332 333 334 335 336 337 338 339 340 341
344 347 348
344 347 348
346 347 348
346 347 348
359
314 315
338 339 340 341
68 69 70 71 72 73 74 75 76 77 78 79 80 81 82 83 84
183 184 185 186 187 188 189 190
179 180 181 182 183 184 185 186 187 188 189 190
179 180 181 182 183 184 185 186 187 188 189 190
179 180 181 182 183 184 185 186 187 188 189 190
221 222 223 224 225 226 227 228 229 230 231 232 233 234 235
236 237 238 239
255 256 257 258 259 260 261 262 263 264
255 256 257 258 259 260 261 262 263 264
315 316 317
270 271 272 273 274
327 328
270 271 272 273 274
327 328
21 22 23 24 25 26 27
116 183 184 185
85 86 87 88 89 90 91 92 93 94 95 96 97 98 99 100 101 102 103 104 105 106 107 108 109 110
111 112 113 114 115 116 117 118 119 120 121 122 123 124 125 126 127 128 129 130 131
269 270 271 272 273 274 275 276 277 278
165 166 167 168 169 170 171 174 175 176 184 185 186 187 188 189 190
176
322
16 17 18 19 20 21
216 217
227 228 229 230
314 315 316 317
347 348 349 350 351
52 53
51 52
52
58 59 60 61 62 63 64 65 66 67
79 80 81 82 83 84
79 80 81
71 72 73 74 75 76 77 78 79 80 81 82 83 84
74 75 76 77 78 79 80 81 82 83 84
75 76 77 78 79 80 81 82 83 84
76 77 78 79 80 81 82 83 84
79 80 81 82
85 86
111 112 113 114 115 116 117

159 160
160 161 162 163 164
163 164 165 166
169 170 171 172
171 172
176 177
186 187 188 189 190
188 189 190
191 192 193 194 195 196 197
227 228 229
236 237 238 239
322 323 324
331 332 333 334 335
336 337 338 339 340 341
357 358
384 385 386
51 52 53 54 55 56 57
111 112 113 114 115 116 117
165
179 180 181 182 183 184 185 186 187 188 189 190
188 189 190
206
236 237 238 239
243 244 245
260
331 332 333 334 335
367
10
19 20 21 22
33
51 52
77 78
68 69 70 71 72 73 74 75 76 77 78 79 80 81 82 83 84
95
115 116 117
142 143 144 145 146 147 148 149 150 151 152 153 154
144 145
149
163 164 165
179 180 181 182 183 184 185 186 187 188 189 190
179 180 181 182
188 189 190
227 228 229 230 231 232 233 234 235
229
236 237 238 239
42
74 75 76 77 78 79 80 81 82 83 84
138
229
275
276
277
278
292
307
78
4 5 6 7 8 9
4 5 6 7 8
29 30 31
28 29 30 31 32
7 8 9 10
78 79 80 81 82 83 84
74 75 76 77 78 79 80 81 82 83 84
259 260 261 262
77 78 79 80 81 82 83 84
182 183 184 185 186 187 188 189 190 244 245
70 71 72 73 74 75 76 77 78 79 80 81 82 83 84 111 112 113 114 115 342 343 344
33 34 35 148 149 159 160 161
77 78 79 80 81 82 83
78 79 80 81 82 83 84
79 80 81 82 83 84
236 237
77 78 79 80 81 82 83 84
75 76 77 78 79 80 81 82 83 84
78 79 80 81 82
180
103 104 105 180 241 242 243 244
77 78 79 80 81 82 83 322 323
187 188 189 190 236 237 238
3 4 5 6 7 8 9
7 8 9
5 6 7 8 9
5 6 7 8
29 30
73 74 75 76 77 78 79 80 81 82 83 84
112 113
111 112 113 114 115
135 136 137 138 139 140 141
135
187 188 189 190
183 184 185 186
179 180 181 182 183 184 185 186 187 188 189 190
206
233 234 235
237 238 239 240 241
236 237
243 244 245
247 248 249 250
262 263 264
295 296 297 298 299 300
297 298 299 300
315 316 317
320 321
318 319 320 321
323
325 326 327
328 329
331 332 333 334 335 336 337 338 339 340 341
342 343 344 345 346 347 348 349 350 351
346 347 348 349 350 351
367
368 369 370 371 372 373 374 375
289 290 291 292 293 294
318 319 320
236 237 238 239 240 241 243
113 114 115 116 117
183 184 185 186 187 188 189 190 317 318 319 320 321
318
111 112 113 114 115 116 117
66 180 181 182 183 184 185 186 187 188 189
15 16 17 18 19 20 21 22 23 24 25 26 27 180 181 188 189 190
17 18 132 133 134 135 136 137 138 139 140 141 289 290 291 292 293 294
48 49 50 51 52 53 163 164 165 166 167 168 169 170 171 172 301 302 303 304 305 306 307 308 309 368 369 370 371 372 373 374 375 376 377 378 379 380 381 382 383 384 385 386
17 18 19 20
17 18 19 20 21
58 59 60
185 186
210 211
207 208 209
218 219 220
229
241 242
315 316 317
319 320 321
17 18 19 20
17 18 19 20 21
65 66
60 61 62
115 116
111 112 113
134 135 136
185
185 186
188
191 192 193
315 316 317
318 319
320 321
321
322
347 348 349
371 372
155 156 157 158 159 160 161 162 163 164 165 166 167 168 169 170 171 172
155 156 157 158 159 160 161 162 163 164 165 166 167 168 169 170 171 172
155 156 157 158 159 160 161 162 163 164 165 166 167 168 169 170 171 172
325 326 327 328 329 330
155 156 157 158 159 160 161 162 163 164 165 166 167 168 169 170 171 172
155 156 157 158 159 160 161 162 163 164 165 166 167 168 169 170 171 172
155 156 157 158 159 160 161 162 163 164 165 166 167 168 169 170 171 172 342 343 344 345
94 95 96 242 243 244 245
136 137 138 242 243 244
156 242 243 244 245
156 278
242 243 244 245
23 24
85 86 87 88 89
148 149
167 168 169 170 171 172
166 167
158 159 160 161
243 244 245 246
331 332 333 334 335 336 337 338 339 340 341
22 23
28 29 30
92 93 94 95 96
155 156 157 158 159 160 161 162 163 164 165 166 167 168 169 170 171 172
157 158 159 160
188 189 190
191 192 193 194 195
260 261 262
52 53 54 55
179 180 181 182 183 184 185 186 187 188 189 190
122 123 124 125 126 127 128 129 130 131
236 237 238 239
111 112 113 114 115 116 117 132 133 134 135 136 137 138 139 140 141 155 156 157 158 159 160 161 162 173 174 175 176 177 178 179 180 181 182 183 184 185 186 187 188 189 190
28 29 30 31 155 156 157 158 159 160 161 162 163 164 165 166 167 168 169 170 171 172
68 69 70 71 72 73 74 75 76 77 78 79 80 81 82 83 84 111 112 113 114 115 116 117
154
263 264
317 318 319 320 321
338 339 340 341
15 16 17 18 19 20 21 22 23 24 25 26 27
322 323 324 325 326 327 328 329 330
15 16 17 18 19 20 21 22 23 24 25 26 27
15 16 17 18 19 20 21 22 23 24 25 26 27
15 16 17 18 19 20 21 22 23 24 25 26 27
15 16 17 18 19 20 21 22 23 24 25 26 27
15 16 17 18 19 20 21 22 23 24 25 26 27
173 174 175 176 177 178 179 180 181 182 183 184 185 186 187 188 189 190
322 323 324 325 326 327 328 329 330
15 16 17 18 19 20 21 22 23 24 25 26 27 207 208 209 210 211 212
15 16 17 18 19 20 21 22 23 24 25 26 27
15 16 17 18 19 20 21 22 23 24 25 26 27
15 16 17 18 19 20 21 22 23 24 25 26 27
15 16 17 18 19 20 21 22 23 24 25 26 27
15 16 17 18 19 20 21 22 23 24 25 26 27
15 16 17 18 19 20 21 22 23 24 25 26 27
242 243 244
28 29 30 31
173 174 175 176 177 178 179 180 181 182 183 184 185 186 187 188 189 190
283 284 285 286 287 288 289 290 291 292 293 294
364 365 366 367
28 29 42 43 44 45 46 47 48 312 313
318 319
318 319
346 347 348 349 350 351
242 243 244 245 246 247 248 249 250 317 318 319 320 321
346 347 348 349 350 351
364 365 366
317 318 319 320 321 346 347 348 349 350 351
317 318 319 320 321
188 189 190
188 189 190
17 18 19 20
17 18 19 20 21 22
22 23
27
76
77 78 79 80 81 82 83 84
82 83
114 115 116
157 158 159 160 161
155 156 157
155 156
164
164 165 166 167 168 169 170 171 172
182 183
183 184 185 186 187 188 189 190
185 186 187 188 189 190
186 187 188 189 190
187
206
321
342 343
342
347 348 349 350 351
237 238 239
237 238 239
237 238 239
237 238 239
295 296 297 298 299 300 314 315 316 317 318 319 320 321
111 112 113 114 115 116 117 179 180 181 182 183 184 185 186 187 188 189 190 240 241 242 243 244 245 246 247 248 249 250 314 315 316 317 318 319 320 321
68 69 70 71 72 73 74 75 76 77 78 79 80 81 82 83 84 179 180 181 182 183 184 185 186 187 188 189 190 198 199 200 201 202 203 204 205 206 240 241 242 243 244 245 246 247 248 249 250
295 296 297 298 299 300 314 315 316 317 318 319 320 321
85 86 87 88 89 90 91 92 155 156 157 158 159 160 161 162 173 174 175 176 177 178
142 143 144 145 146 147 148 149 150 151 152 153 154 255 256 257 258 259 260 261 262 263 264
132 133 134 135 136 137 138 139 140 141 179 180 181 182 183 184 185 186 187 188 189 190 295 296 297 298 299 300
227 228 229 230 231 232 233 234 235 314 315 316 317 318 319 320 321
227 228 229 230 231 232 233 234 235 240 241 242 243 244 245 246 247 248 249 250
28 29 30 31 32 158 159 160 161 162 163 164 187 188 189 190 298 299 300
79 80 81 82 83 84 168 169 170 171 172
179 180 181 182 188 189 190
183 184 185 186
186 187 188 189 190 376 377 378
187 188 189 190
188 189 190 206
188 189 190
173 174 175 176 177 178 179 180 181 182 183 184 185 186 187 188 189 190
221 222 223 224 225 226 227 228 229 230 231 232 233 234 235
352 353 354 355 356 357 358 359
236 237 238 239 240 241 242 243 244 245 246 247 248 249 250
179 180 181 182 183 184 185 186 187 188 189 190
235
236 237 238 239 240 241 242 243 244 245 246 247 248 249 250
264
368 369 370 371 372 373 374 375 376 377 378 379 380 381 382 383 384 385 386
19 20 21
33 34 35
136 137 138
188 189 190
242
17 18 19 20 21 22 23 24 25 26 27
311 312 313 314 315 316 317 318 319 320 321
325 326 327 328 329 330
325 326 327 328 329 330
325 326 327 328 329 330
325 326 327 328 329 330
325 326 327 328 329 330
325 326 327 328 329 330
238 239 240 241 242 243 244 245
259 260 261 262 263 264
33 34 35 36 48 49 50
327 328 329 330
327 328 329 330
325 326 327 328 329 330
325 326 327 328 329 330
325 326 327 328 329 330
325 326 327 328 329 330
186 187 188 189 190 236 237 238 239 240 241 242 243 244 245
33 34 35 36 273 274 275 276 277 278 328 329 330
78 79 80 81 82 83 84
191 192 193 194 233
21 22 23
74 75 76 77 78 79 80 81 82 83 84
243 262 263 264 349 350 351
322 323 324 325 326 327 328

295
155 156 157 158 159 160 161 162 187 188 189 190
292 293 294
74 75 76 77 78 79 80 81 82 83 84
159 166
155 156 157 158 159 160 161 162
232 233 234 235
255 256 257 258 259 260 261 262 263 264
0 1 2
166
0 1 2
205 206
85
98 99
191 192
172
188 189
188 189
81
321
338 339
350 351
71 72 73 74 75 76 77 78 79 80 81 82 83 84
111 112 113 114
132 133 134 135
186 187 188 189 190
207 208 209 210 211 212
236 237 238 239
75 76
79 80 81 82 83 84
114 115 116
230 231 232
332 333
9 10 11 12
17 18 19 20 21 22 23 24
75
79 80 81 82 83 84
111 112 113 114 115 116 117
186 187 188 189 190
230 231 232
236 237 238 239
277
159 160
221 222 223 224 225 226
221 222 223 224 225 226
221 222 223 224 225 226
132 133 134 135 136 137 138 139 140 141
132 133 134 135 136 137 138 139 140 141
14 15 16 17 18 19 20 21 22 23 132 133 134 135 136 137 138 139 140 141
132 133 134 135 136 137 138 139 140 141 142 143 144 145 146 147 148 149 150 151 152 153 154 342 343 344 345 346 347 348 349 350 351
132 133 134 135 136 137 138 139 140 141
15 16 17 18 19 20 132 133 134 135 136 137 138 139 140 141
15 16 17 18 19 20 21 22 23 24 25 26 27 132 133 134 135 136 137 138 139 140 141
132 133 134 135 136 137 138 139 140 141
368 369 370
132 133 134 135 136 137 138 139 140 141
28 29 30 31 32 33 34 35 36 37 38 39 40 41 42
15 16 17 18 19 20 21 22 23 24 25 26 27 28 29 30 31 32 33 34 35 36 37
28 29 30 31 32 33 34 35 36 37 38 39
28 29 30 31 32
28 29 30 31 32 33 34 35 36 37
29 30 31
85 86 87 88 89 90 91 92
132 133 134 135 136 137 138 139 140 141
18 19 20
111 112 113 114 115 116 117
81 82 83 84
111 112 113 114 115 116 117
165 166 167
179 180 181 182 183 184 185 186 187 188 189 190
186 187 188 189 190
230 231 232 233
236 237 238
338 339 340 341
342 343 344
348 349 350 351
16 17 18 19 20 21 22 23 24 25 26 27
22 23 24 25 26 27
0 1 2 3 4 5 6 7 8 9 10
49 50 51 52 53 54 55 56 57
29 30
76 77 78 79 80 81 82 83 84
77 78 79 80 81 82 83 84
111 112 113 114 115 116 117
142 143 144 145 146 147 148 149 150 151 152 153 154
155 156 157 158 159 160 161 162 163 164 165 166 167 168 169 170 171 172
165 166 167
180
186 187 188 189 190
188 189 190
229 230
229 230 231 232 233
236 237 238 239
269 270 271 272 273 274 275 276 277 278
283 284 285 286 287 288 289 290 291 292 293 294
322 323 324 326
338 339 340 341
347 348 349 350 351
342 343 344 345 346 347 348 349 350 351
365 366 367
374
378 379 380 381 382 383 384 385 386
383 384 385 386
320 321
64 65 66 67 68 69 70
76 77 78
264
17 18 19 20 21 22 23 24 25 26 27
132 133 134 135 136 137 138 139 140 141 142 143 144 145 146 147 148 149 150 151 152 153 154
164 165 166 167
181 182 183 184 185 186 187 188 189 190
17 18 19 20 21 22
17 18 19 20 21 22 23
22 23 24 25 26 27
229
11 12 13 14 15 16 17 18 19 20 21 23 24 25 26 27
15 16 17 18 19 20 21 22 23 24 25 26 27
15 16 17 18 19 20 21 22 23 24 25 26 27
17 18 19 20 21 22
17 18 19 20 21 22
9 10 11 17 18 19 20 21
15 16 17 18 19 20 21 22 23 24 25 26 27
15 16 17 18 19 20 21 22 23 24 25 26 27
17 18 19 20 21 22
17 18 19 20 21 22 23 24 25 26 27
23 24 25 26 27
17 18 19 20 21 22
17 18 19 20 21
15 16 17 18 19 20 21 22 23 24 25 26 27
187 188 189 190
68 69 70 71 72 73 74 75 76 77 78 79 80 81 82 83 84 189 190
136 137 138 139 140 320 321
179 180 181 182 183 184 185 186 187 188 189 190
323 324 325 326 327
12 13 14 15 16 17 18 19 20 21 22 23 24 25 26 27 283 284 285 286 287 288 289 290 291 292 293 294 368 369 370 371 372 373 374 375 376 377 378 379 380 381 382 383 384 385 386
17 18 19 20 111 112 113 114 115 116 117
229
188 189 190
179 180 181 182 183 184 185 186 187 188 189 190
179 180 181 182 183 184 185 186 187 188 189 190
68 69 70 71 72 73 74 75 76 77 78 79 80 81 82 83 84
68 69 70 71 72 73 74 75 76 77 78 79 80 81 82 83 84 85 86 87 88 89 90 91 92
77 78 82 228 229
111 112 113 114 115 116 117
111 112 113 114 115 116 117
188 189 190
173 174 175 176 177 178
68 69 70 71 72 73 74 75 76 77 78 79 80 81 82 83 84
68 69 70 71 72 73 74 75 76 77 78 79 80 81 82 83 84 111 112 113 114 115 116 117
68 69 70 71 72 73 74 75 76 77 78 79 80 81 82 83 84
68 69 70 71 72 73 74 75 76 77 78 79 80 81 82 83 84 191 192 193 194 195 196 197
111 112 113 114 115 116 117
316 317
173 294
173
234 235 237 238 322
85 173
163 164 165 166 167 168 169 170 171 172
111 112 113 114 115 116 117 257 258 316 317
188 189 190 322 323
150 151 173 174 188 189 190
316 317
176
175
175
165
165
165
166
175
165
165
165 173 174 175
174
165
173 174
183
188
15 16 17 18 19 20 21 22 23 24 25 26 27 93 94 95 96 97 98 99 100 101 102 103 104 105 106 107 108 109 110 155 156 157 158 159 160 161 162 322 323 324 342 343 344 345 352 353 354 355
0 1 2 3 4 5 6 7 8 9 10 11 12 13 14 15 16 17 18 19 20 21 22 23 24 25 26 27 28 29 30 31 32 33 34 35 36 37 38 39 68 69 70 71 72 73 74 75 76 77 78 79 80 81 82 83 84 93 94 95 96 97 98 99 100 101 102 103 104 105 106 107 108 109 110 118 119 120 121 122 123 124 125 126 127 128 129 130 131 155 156 157 158 159 160 161 162 179 180 181 182 183 184 185 186 187 188 189 190 240 241 242 243 244 245 246 247 248 249 250 269 270 271 272 273 274 275 276 277 278 322 323 324 336 337 338 339 340 341 346 347 348 349 350 351 356 357 358 359
28 29 30 31 32 33 34 35 36 37 38 39 68 69 70 71 72 73 74 75 76 77 78 79 80 81 82 83 84 93 94 95 96 97 98 99 100 101 102 103 104 105 106 107 108 109 110 132 133 134 135 136 137 138 139 140 141 142 143 144 145 146 147 148 149 150 151 152 153 154 221 222 223 224 225 226 269 270 271 272 273 274 275 276 277 278 310 311 312 313 314 315 316 317 318 319 320 321 322 323 324 336 337 338 339 340 341 342 343 344 345
269 270 271 272 273 274 275 276 277 278 295 296 297 298 299 300 342 343 344 345 352 353 354 355 364 365 366 367
163 164 165 166 167 168 169 170 171 172 295 296 297 298 299 300 331 332 333 334 335 342 343 344 345 352 353 354 355 364 365 366 367
0 1 2 3 4 5 6 7 8 9 10 11 12 13 14 15 16 17 18 19 20 21 22 23 24 25 26 27 68 69 70 71 72 73 74 75 76 77 78 79 80 81 82 83 84 93 94 95 96 97 98 99 100 101 102 103 104 105 106 107 108 109 110 163 164 165 166 167 168 169 170 171 172 191 192 193 194 195 196 197 213 214 215 216 217 218 219 220 301 302 303 304 305 306 307 308 309 331 332 333 334 335 346 347 348 349 350 351 356 357 358 359
15 16 17 18 19 20 21 22 23 24 25 26 27 142 143 144 145 146 147 148 149 150 151 152 153 154 227 228 229 230 231 232 233 234 235 295 296 297 298 299 300 336 337 338 339 340 341 346 347 348 349 350 351
85 86 87 88 89 90 91 92 93 94 95 96 97 98 99 100 101 102 103 104 105 106 107 108 109 110 191 192 193 194 195 196 197 255 256 257 258 259 260 261 262 263 264
93 94 95 96 97 98 99 100 101 102 103 104 105 106 107 108 109 110 179 180 181 182 183 184 185 186 187 188 189 190 191 192 193 194 195 196 197 269 270 271 272 273 274 275 276 277 278 295 296 297 298 299 300 364 365 366 367
0 1 2 3 4 5 6 7 8 9 10 11 12 13 14 15 16 17 18 19 20 21 22 23 24 25 26 27 68 69 70 71 72 73 74 75 76 77 78 79 80 81 82 83 84 93 94 95 96 97 98 99 100 101 102 103 104 105 106 107 108 109 110 163 164 165 166 167 168 169 170 171 172 191 192 193 194 195 196 197 227 228 229 230 231 232 233 234 235 295 296 297 298 299 300 336 337 338 339 340 341 346 347 348 349 350 351 356 357 358 359
15 16 17 18 19 20 21 22 23 24 25 26 27 68 69 70 71 72 73 74 75 76 77 78 79 80 81 82 83 84 93 94 95 96 97 98 99 100 101 102 103 104 105 106 107 108 109 110 179 180 181 182 183 184 185 186 187 188 189 190 191 192 193 194 195 196 197 227 228 229 230 231 232 233 234 235 310 311 312 313 322 323 324 356 357 358 359 364 365 366 367
93 94 95 96 97 98 99 100 101 102 103 104 105 106 107 108 109 110 132 133 134 135 136 137 138 139 140 141 163 164 165 166 167 168 169 170 171 172 269 270 271 272 273 274 275 276 277 278 295 296 297 298 299 300 310 311 312 313 314 315 316 317 318 319 320 321 346 347 348 349 350 351 356 357 358 359 364 365 366 367
346 347 348 349 350 351 356 357 358 359
221 222 223 224 225 226 240 241 242 243 244 245 246 247 248 249 250 322 323 324 331 332 333 334 335 352 353 354 355
356 357 358 359 360 361 362 363 364 365 366 367
15 16 17 18 19 20 21 22 23 24 25 26 27
93 94 95 96 97 98 99 100 101 102 103 104 105 106 107 108 109 110 163 164 165 166 167 168 169 170 171 172 179 180 181 182 183 184 185 186 187 188 189 190 227 228 229 230 231 232 233 234 235 310 311 312 313 322 323 324 360 361 362 363
58 59 60 61 62 63 64 65 66 67 68 69 70 71 72 73 74 75 76 77 78 79 80 81 82 83 84 93 94 95 96 97 98 99 100 101 102 103 104 105 106 107 108 109 110 142 143 144 145 146 147 148 149 150 151 152 153 154 179 180 181 182 183 184 185 186 187 188 189 190
179 180 181 182 183 184 185 186 187 188 189 190
179 180 181 182 183 184 185 186 187 188 189 190
187
206
228 229
316 317
320 321
336 337 338
349 350
188 189 190
257 258
298 299 300
155 156 157 158 159 160 161 162
58 59 60 61 62 63 64 65 66 67 68 69 70 71 72 73 74 75 76 77 78 79 80 81 82 83 84
111 112 113 114 115 116 117
111 112 113 114 115 116 117 118 119 120 121 122 123 124 125 126 127 128 129 130 131
132 133 134 135 136 137 138 139 140 141 142 143 144 145 146 147 148 149 150 151 152 153 154
155 156 157 158 159 160 161 162
164 165
168 169 170 171 172
179 180 181 182 183 184 185 186 187 188 189 190
200 201 202 203 204 205 206
207 208 209 210
228 229 230 231 232
236 237 238 239
256 257 258 259
255 256 257 258 259 260 261 262 263 264
295 296 297 298 299 300 301 302 303 304 305 306 307 308 309
346 347 348 349 350 351
342 343 344 345 346 347 348 349 350 351
368 369 370 371 372 373 374 375 376 377 378 379 380 381 382 383 384 385 386
17 18 19 20 21 22
158 159 160 161
155 156 157
165 166 167
182 183 184 185 186 187 188 189 190
185 186 187 188 189
187 188 189 190
207 208 209 210 211
236 237 238
236 237
236 237 238 239 240 241 242 243 244 245 246 247
271 272 273 274
290 291 292 293 294
314 315 316 317 318 319 320 321
322 323
338 339 340 341
338
348 349 350 351
364 365 366 367
368 369 370
368 369 370 371 372
23
19 20
80 81
187
209
297
318
328
348 349 350 351
15 16 17 18 19 20 21 22 23 24 25 26 27 289 290
314 315 316 317 318 319 320 321
186 187 188
295 296 297 298 299 300 314 315 316 317 318 319 320 321 342 343 344 345 346 347 348 349 350 351
182 183 184 185 348 349 350 351
295 296 297 298 299 300
15 16 17 18 19 20 21 22 23 24 25 26 27
17 18 19 23 24 25 229
229 230 342 343 344 345
15 16 17 18 19 20 21 22 23 24 25 26 27 151 152 176 177 183 184 185 186 187 188 189 190 256 257 258 314 315 316 317 318 319 320 321
314 315 316 317 318 319 320 321
180 181 182 187 188 189 190 237 238 239
181 182 183 184 185 186 187 188 189 190 228 229 230 231 232
175 176 177 178 179 180
15 16 17 18 19 20 21 22 23 24 25 26 27 179 180 181 182 183 184 185 186 187 188 189 190 356 357 358 359
179 180 181 182 183 184 185 186 187 188 189 190
148 149 150 182 183 184 185 186 187 188 189 190
177 178 179 180 181 182 183 184 185 186 187 188 194 195 196 200 201
18 19 20 21 22 23 24 70 71 72 73
179 180 181 182 183 184 185 186 187 188 189 190
177 178 179 180 181 187 188 189 190 277 278 315 316 317 318 319 320 321 348 349 350 351
17 18 19 32 33 77 136 137 146 147 148 149 183 184 185 186 187 188 189 190 293 294
158 159 160 161 258 259 260 261 262 263 264 290 291 292
222 223 224 225
17 18 19 20 21 22
148 149
188 189 190
349 350 351
9 10 18 19 20 21 86 87 88 89 90 91 92 93 94 95 96 97 98 99 100 101 102 103 104 105 106 107 137 138 139 140 141 191 192 193 259
94 179 180 181 182 183 184 185 186 187 188 189 190 224 225 226 310 311 312 313 338
179 180 181 182 183 184 185 186 187 188 189 190
136 137 138 139 242 243 244
9 10
111 112 113 114 115 116 117 291 292 293 294 359
42 43 44 45 46 47 48 49 50 51 164 165 166 167 168 236 237 238 239 342 343 344 345
155 156 166 167 230 231 232 233 234 235 257 310 311 312 313
114 310 311 312 313 331 332 333 334 335 342 343 344 345 346 347 348 349 350 351
236 331 332 333
244 331 332 333 334 335
94 95 96 107 108 109 110 136 137 138 139
243 322 323 324
181 182
155 156 157 179 180 181 182 183 184 185 186 187 188 189 190 191 192 193 310 311 312 313 336 337 338 339 340
187
179 180 181 182 183 184 185 186 187 188 189 190 229 230 231 232
18 19 20 192 193 194 310 311 312 313
17 18 19 20 191 192 193 194 195 196 197
10 185 186 187 188 189 190 319 320
180 258 310 311 312 313 356 357 358 359
4 5 6 17 18 19 20 28 29 30 31 32 33 34 35 36 37 38 39 89 90 91 92 103 104 105 155 156 207 208 209 210 290 291 292 320 321
0 1 2 3 4 5 6 7 8 9 10 11 12 13 14 15 16 17 18 19 191 192 193 194 195 196 197 198 199 200 201 202 236 261 262 263 264
185 186 187 188 189 190
111 112 113 114 115 116 117 310 311 312 313 320 321 331 332 333 334 335 356 357 358 359
186 187 188 189 190 310 311 312 313 331 332 333 334 335
17 18 19 166 167 168 169 170 171 172 261 262 263 264 310 311 312 313
11 19 20 201 202 203 262 263 264 293 294
179 180 181 182 183 184 185 186 187 188 189 190
9 10 17 18 19 20 21 99 100 101 102 103
187 188 310 311 312 313 331 332 333 334 335 336 337 338 339 340 341
0 1 2 3 4 5 6 7 8 9 10 11 179 180 181 182 183 184 185 186 187 188 189 190
236 237 238 239 240 241 242 243 244 245
9 10 11 12 13 135 136 137 138 139 155 156 157 158 159 160 161 162 269 270 271 272 273 274 275 276 277 278 346 347 348 349 350 351
103 241 242 243 244 245
187 188
348 349 350
7
20 21 244 245
173 174 176 242 243 244 245 338 339 340 341
243 244 245
17 18 242 243 244 245
19
111 112 113 155 156 157 181 182 242 243 244 245
19 20 244 245 356 357 358
243 244 245
244 245
18 19 20 21
244 245
242 243 244 245
20 21
104 105 106 107 156 243 244 277 278
243 244 245
89 243 244 245
243 244 245
19 20 238 239 241 243 244 245
242 243 244 245
243 244 245
242 243 244 245
242 243 244 245
28 29 30
318 319 320 321
28 29 30 192 193 194
28 29 30
29 30 31
29 30
