0 6 12 17 20 24 26 34 40
1 7 13 17 20 26 34 40
2 8 13 17 20 26 34 40
0 7 12 18 20 24 26 34 40
0 8 12 19 20 26 34 40
2 6 13 18 20 26 34 40
3 9 13 17 20 26 34 40
2 6 13 17 20 26 34 40
2 6 13 18 20 27 34 40
3 9 13 17 20 26 34 40
2 6 13 18 20 26 34 40
3 9 13 17 20 26 34 40
3 9 14 18 20 26 34 40
2 8 13 16 18 20 26 34 40
3 9 13 17 20 26 34 40
3 9 13 18 20 26 34 40
1 7 14 17 20 27 34 40
0 8 12 17 20 26 34 40
3 9 13 18 20 26 34 40
3 9 13 18 20 23 26 34 40
0 8 12 18 20 26 34 40
3 9 13 17 20 26 34 40
3 9 13 16 18 20 23 26 34 40
2 7 13 17 20 28 34 40
3 9 13 18 20 23 26 34 40
3 9 13 17 20 26 34 40
1 6 14 16 17 20 29 34 40
3 9 13 17 20 26 34 40
1 7 13 17 20 26 34 40
3 9 13 17 20 26 34 40
3 9 13 19 20 23 26 34 40
3 9 13 19 20 26 34 40
2 7 14 16 19 20 23 26 34 40
3 9 13 17 20 26 34 40
1 7 14 17 20 23 26 34 40
3 9 13 18 20 26 34 40
2 7 13 17 20 26 34 40
4 6 15 17 20 30 35 40
0 6 12 18 20 24 27 34 40
3 9 13 18 20 23 27 34 40
3 9 13 17 20 26 34 40
3 9 13 18 20 26 34 40
1 10 14 16 17 20 23 29 34 40
4 6 14 16 18 20 31 34 40
1 6 14 17 20 23 26 34 40
3 9 13 17 20 26 34 40
0 7 12 18 20 26 34 40
2 7 13 18 20 26 34 40
1 6 13 16 17 21 23 29 34 40
4 8 13 16 17 20 23 28 34 40
2 7 13 17 20 26 34 40
4 8 14 16 17 20 23 26 34 40
2 7 13 17 20 26 34 40
1 6 14 16 17 20 23 26 34 40
4 6 14 16 17 20 23 32 36 40
0 8 12 17 20 24 26 34 40
1 6 13 17 20 27 34 40
1 7 13 17 20 27 35 40
1 8 13 17 20 23 26 34 40
3 9 13 18 20 26 34 40
1 6 14 16 18 20 23 26 34 40
4 6 14 16 17 21 23 33 34 40
0 8 12 19 20 24 26 34 40
1 8 14 16 17 20 26 34 40
1 8 13 16 17 22 27 34 40
1 7 13 17 20 26 34 40
1 8 13 17 20 23 26 34 40
1 8 13 17 20 26 34 40
1 8 13 18 20 23 26 34 40
4 10 15 16 17 21 23 25 33 34 40
0 7 12 17 20 24 26 34 40
1 6 13 18 20 23 29 34 40
2 8 14 17 20 27 34 40
2 8 13 18 20 26 34 40
3 9 13 17 20 27 34 40
3 9 13 17 20 26 34 40
1 8 13 18 20 23 27 34 40
1 6 14 17 20 26 34 40
1 8 13 18 20 23 26 34 40
5 10 15 16 17 20 23 25 26 34 40
1 6 14 17 20 23 26 34 40
2 7 13 18 20 26 34 40
2 7 13 17 20 26 34 40
3 9 13 17 20 27 34 40
1 8 13 18 20 23 26 34 40
0 6 12 18 20 23 26 34 40
1 6 13 17 20 23 26 34 40
5 10 15 16 18 20 23 32 34 40
1 8 14 16 18 20 23 26 34 40
3 9 13 18 20 26 34 40
2 7 13 17 20 26 34 40
3 9 13 17 20 27 34 40
3 9 13 17 20 26 34 40
1 8 13 18 20 30 34 40
0 7 12 18 20 23 26 34 40
0 6 12 18 20 23 26 34 40
2 8 13 18 20 23 26 34 40
5 6 14 18 20 23 25 27 34 40
1 8 13 18 20 23 27 34 40
2 7 13 18 20 26 34 40
1 6 15 16 17 20 29 34 40
3 9 13 19 20 26 34 40
4 6 14 16 17 20 29 34 40
0 6 12 18 20 23 26 34 40
2 8 13 17 20 23 27 34 40
5 6 15 16 17 20 23 25 29 34 40
1 8 13 18 20 23 26 34 40
1 6 14 16 17 20 23 30 34 40
3 9 13 17 20 26 34 40
4 6 14 16 17 20 23 26 34 40
1 8 13 16 17 20 23 26 34 40
5 6 14 16 18 20 23 29 34 40
0 8 12 19 20 23 27 34 40
1 6 14 16 18 20 23 26 34 40
3 9 13 18 20 26 34 40
4 8 14 16 18 20 23 26 34 40
0 8 12 18 20 24 26 34 40
5 6 15 16 18 20 23 27 34 40
0 8 12 18 20 23 26 34 40
4 6 13 18 20 23 27 34 40
4 6 14 18 20 23 27 34 40
3 9 13 17 20 26 34 40
2 8 13 17 20 27 34 40
0 8 12 18 20 23 26 34 40
5 6 14 16 18 20 23 26 34 40
4 6 13 18 20 23 26 34 40
4 8 14 18 20 23 26 34 40
4 6 13 17 20 29 34 40
0 8 12 18 20 24 26 34 40
4 8 13 19 20 23 26 34 40
4 8 14 16 17 20 23 26 34 40
2 8 13 16 18 20 27 34 40
4 8 13 18 20 26 34 40
4 6 14 18 20 23 26 34 40
0 8 12 18 20 29 34 40
4 6 13 17 20 26 34 40
0 11 12 18 20 24 26 34 40
3 9 13 17 20 26 34 40
2 7 13 17 20 26 34 40
4 8 14 18 20 23 26 34 40
2 8 13 16 17 20 26 34 40
4 8 13 17 20 26 34 40
0 11 12 17 20 24 26 34 40
3 9 13 17 20 26 34 40
0 8 12 18 20 24 27 34 40
3 9 13 17 20 26 34 40
2 7 13 18 20 30 34 40
1 7 13 18 20 26 34 40
4 8 13 18 20 23 26 34 40
2 8 13 16 18 20 26 34 40
4 8 13 17 20 26 34 40
2 11 13 17 20 26 34 40
3 9 13 19 20 26 34 40
0 8 12 18 20 24 26 34 40
3 9 13 17 20 26 34 40
4 7 15 16 17 20 26 34 40
1 7 14 17 20 26 34 40
0 8 12 19 20 23 26 34 40
2 8 13 18 20 26 34 40
4 8 13 18 20 29 34 40
2 10 13 18 20 29 34 40
0 8 12 16 18 20 24 26 34 40
3 9 13 18 20 26 34 40
4 10 15 17 20 23 26 35 40
4 6 14 17 20 23 26 34 40
2 7 13 17 20 26 34 40
0 7 12 19 20 23 26 34 40
0 8 12 18 20 26 34 40
4 8 13 18 20 26 34 40
2 8 13 17 20 26 34 40
0 8 12 18 20 24 26 34 40
4 10 15 17 20 23 25 29 35 40
4 7 13 17 20 23 25 26 34 40
0 8 12 17 20 24 26 34 40
0 8 12 19 20 26 34 40
1 8 13 16 18 20 26 34 40
2 8 13 16 19 20 26 34 40
0 8 12 19 20 24 26 34 40
3 9 13 17 20 26 34 40
4 6 15 16 19 21 23 28 34 40
4 6 13 19 20 23 30 34 40
0 7 12 17 20 26 34 40
0 8 12 18 20 24 26 34 40
0 8 12 18 20 24 26 34 40
0 8 12 17 20 26 34 40
0 8 12 17 20 27 34 40
0 11 12 17 20 26 34 40
0 8 12 17 20 24 26 34 40
5 10 15 16 17 21 23 25 27 34 40
4 6 13 16 18 20 23 27 34 40
1 8 13 17 20 27 34 40
0 8 12 17 20 24 26 34 40
2 8 13 17 20 26 34 40
0 8 12 18 20 26 34 40
0 8 12 18 20 26 34 40
2 11 13 17 20 27 34 40
3 9 13 19 20 26 34 40
5 10 15 16 17 20 23 25 26 34 40
4 6 13 16 18 20 23 26 34 40
1 8 14 17 20 26 34 40
0 8 12 17 20 24 26 34 40
2 7 14 17 20 26 34 40
1 6 13 17 20 27 34 40
0 8 12 18 20 26 34 40
2 8 13 16 17 20 27 34 40
2 8 13 18 20 26 34 40
5 10 14 16 18 20 23 25 27 34 40
4 7 13 16 18 20 23 26 34 40
2 7 14 17 20 26 34 40
1 7 13 17 20 26 34 40
1 6 14 17 20 26 35 40
1 8 13 17 20 27 34 40
2 8 13 17 20 26 34 40
0 8 12 19 20 26 34 40
0 8 12 16 18 20 26 34 40
5 6 14 18 20 23 29 34 40
2 7 14 17 20 27 34 40
1 8 13 17 20 26 34 40
2 8 14 16 18 20 23 26 34 40
1 6 13 16 17 20 26 34 40
2 8 13 18 20 30 34 40
0 8 12 18 20 26 34 40
0 8 12 17 20 26 34 40
5 6 14 16 18 20 23 27 34 41
1 7 14 16 18 20 26 34 40
1 6 14 17 20 26 34 40
1 6 13 16 18 21 23 26 34 40
1 6 13 18 20 26 34 40
1 7 13 17 20 27 34 40
0 8 12 18 20 26 34 40
0 8 12 18 20 26 34 40
5 10 14 16 17 20 23 25 30 34 40
1 6 14 18 20 23 26 34 40
1 6 14 17 20 23 26 34 40
3 9 14 18 20 23 26 35 40
1 6 13 17 20 26 34 40
1 6 13 16 17 20 26 34 40
2 7 13 17 20 26 34 40
3 9 13 17 20 27 34 40
3 9 13 18 20 26 34 40
0 8 12 17 20 26 34 40
0 8 12 18 20 26 34 40
5 10 14 16 18 21 23 26 34 40
1 7 15 17 20 23 27 34 40
1 6 14 18 20 23 26 34 40
0 8 12 19 20 23 26 34 40
1 6 13 18 20 26 34 40
1 6 13 16 17 20 26 34 40
1 7 13 18 20 26 34 40
3 9 13 18 20 26 34 40
2 7 13 18 20 26 34 40
3 9 14 17 20 26 34 40
0 7 12 18 20 24 26 34 40
0 8 12 18 20 24 26 34 40
5 8 13 19 20 23 26 34 40
1 7 14 16 18 20 23 26 34 40
2 7 13 18 20 23 27 34 40
0 6 12 16 17 22 23 26 34 40
0 6 12 18 20 26 34 40
1 6 14 18 20 26 34 40
0 8 12 19 20 26 34 40
1 7 13 17 20 26 34 40
1 7 13 17 20 26 34 40
2 7 13 17 20 26 34 40
0 8 12 18 20 23 24 26 34 40
2 7 13 17 20 26 34 40
1 7 13 17 20 26 34 40
2 7 13 19 20 23 26 34 40
0 8 12 18 20 23 26 34 40
0 6 12 17 20 26 34 40
1 8 14 18 20 23 26 37 40
3 9 13 17 20 26 34 40
3 9 14 17 20 26 34 40
1 8 14 17 20 26 34 40
0 7 12 17 20 26 34 40
0 6 12 18 20 23 24 26 34 40
0 7 12 18 20 26 34 40
3 9 13 17 20 26 34 40
3 9 13 17 20 26 34 40
3 9 13 17 20 26 34 40
2 8 13 18 20 23 26 34 40
3 9 13 16 19 20 23 26 34 40
0 7 12 18 20 23 26 34 40
1 7 13 19 20 26 34 40
1 8 13 18 20 23 26 34 40
3 9 13 18 20 26 34 40
2 7 13 19 20 26 34 40
2 7 13 18 20 23 26 34 40
2 7 13 17 20 26 34 40
2 6 13 17 20 23 26 34 40
0 8 12 17 20 26 34 40
2 7 13 17 20 26 34 40
0 7 12 19 20 26 34 40
2 7 14 17 20 29 34 40
1 6 13 17 20 23 26 34 40
3 9 13 17 20 26 34 40
0 7 12 17 20 26 34 40
2 8 13 16 18 21 23 27 34 40
0 7 12 17 20 26 34 40
2 7 13 18 20 23 26 34 40
2 7 13 18 20 26 34 40
0 6 12 18 20 23 26 34 40
2 7 13 17 20 26 34 40
3 9 13 17 20 26 34 40
1 7 14 17 20 29 34 40
0 6 12 18 20 23 26 35 40
2 7 13 17 20 26 34 40
0 8 12 17 20 23 26 34 40
3 9 13 18 20 26 34 40
0 8 12 18 20 26 34 40
2 8 13 18 20 23 26 34 40
2 7 13 19 20 26 34 40
0 7 12 17 20 26 34 40
4 6 14 16 17 20 23 27 34 40
1 7 14 18 20 23 26 34 40
2 7 13 18 20 26 34 40
3 9 13 17 20 26 34 40
2 8 13 18 20 27 34 40
0 8 12 16 18 20 23 26 34 40
3 9 13 17 20 26 34 40
2 8 13 17 20 23 26 34 40
1 6 14 17 20 26 34 40
4 6 14 16 18 20 23 26 34 40
1 7 14 16 17 22 23 26 34 40
2 8 13 17 20 26 35 40
0 8 12 18 20 23 26 34 40
2 6 13 18 20 23 26 34 40
2 7 13 18 20 23 26 34 40
2 6 14 18 20 23 26 34 40
3 9 13 18 20 23 26 34 40
1 6 14 16 17 20 26 34 40
2 7 13 17 20 26 34 40
3 9 13 17 20 26 34 40
0 8 12 18 20 23 26 34 40
2 6 13 17 20 23 26 34 40
1 7 14 18 20 23 26 34 40
2 7 13 18 20 23 26 34 40
3 9 14 17 20 23 26 34 40
1 6 14 16 17 21 23 29 34 40
1 7 13 17 20 27 34 40
3 9 13 17 20 26 34 40
1 7 13 17 20 26 34 40
0 6 12 18 20 23 26 34 40
3 9 13 19 20 23 26 34 40
2 6 13 18 20 23 26 34 40
1 6 14 18 20 23 32 34 40
2 7 13 19 20 26 34 40
2 7 13 19 20 26 34 40
0 6 12 18 20 23 26 34 40
2 7 13 18 20 23 26 34 40
1 8 13 16 17 20 23 27 34 40
3 9 13 16 17 20 26 34 40
2 8 13 17 20 26 34 40
3 9 13 17 20 26 34 40
3 9 13 17 20 26 34 40
0 8 12 18 20 23 26 34 40
1 6 14 16 18 20 23 26 35 40
0 7 12 18 20 26 34 40
1 7 13 18 20 26 34 40
0 7 12 18 20 26 34 40
0 8 12 18 20 24 26 34 40
0 8 12 17 20 23 26 34 40
1 10 14 16 17 22 23 29 34 40
3 9 13 18 20 26 34 40
3 9 14 18 20 26 34 40
3 9 13 18 20 26 34 40
0 8 12 18 20 24 26 34 40
3 9 13 17 20 26 34 40
0 8 12 18 20 24 26 35 40
1 10 14 17 20 23 32 34 40
3 9 13 19 20 26 34 40
3 9 13 17 20 26 34 40
0 8 12 18 20 24 26 34 40
2 8 13 16 17 21 26 35 40
3 9 13 17 20 26 34 40
1 7 13 18 20 26 34 40
1 10 14 16 17 20 23 30 35 40
3 9 13 17 20 26 34 40
0 8 12 18 20 24 26 34 40
2 8 13 17 20 26 34 40
3 9 13 17 20 26 34 40
1 7 13 17 20 26 34 40
2 7 13 17 20 26 34 40
1 7 13 17 20 26 34 40
1 10 14 16 18 20 23 27 34 40
1 6 14 17 20 26 34 40
0 8 12 18 20 24 26 34 40
2 8 13 16 18 22 26 34 40
1 7 13 18 20 26 34 40
3 9 13 18 20 26 34 40
3 9 13 18 20 26 34 40
3 9 13 17 20 27 34 40
3 9 13 17 20 26 34 40
1 8 13 18 20 27 34 40
1 6 14 16 18 21 23 26 34 40
1 8 13 17 20 27 34 40
1 6 14 18 20 23 26 34 40
2 8 13 17 20 26 34 40
0 7 12 17 20 26 34 40
2 7 13 17 20 26 34 40
3 9 13 18 20 26 34 40
3 9 13 17 20 26 34 40
1 6 14 17 20 26 34 40
0 8 12 18 20 24 26 34 40
2 7 13 17 20 27 34 40
0 6 12 19 20 23 26 34 40
0 8 12 19 20 26 34 40
1 6 14 17 20 23 26 34 40
0 8 12 19 20 26 34 40
2 8 13 18 20 26 34 40
1 7 13 18 20 27 34 40
1 8 14 16 17 20 26 34 40
1 6 15 16 17 20 23 26 34 40
0 8 12 17 20 24 26 34 40
1 7 13 18 20 26 34 40
2 6 13 17 20 26 34 40
1 7 13 17 20 26 34 40
0 8 12 17 20 26 34 40
0 8 12 18 20 24 26 34 40
3 9 13 18 20 26 34 40
4 6 14 17 20 23 27 34 40
1 8 13 17 20 26 34 40
0 8 12 17 20 26 34 40
0 7 12 19 20 26 34 40
1 6 13 19 20 23 26 34 40
1 6 14 18 20 23 26 34 40
0 8 12 18 20 24 26 34 40
2 7 13 16 18 20 26 34 40
2 7 13 17 20 26 34 40
1 8 14 17 20 27 34 40
0 7 12 18 20 24 26 34 40
0 7 12 18 20 26 34 40
4 6 15 17 20 23 26 34 40
1 6 13 17 20 26 34 40
2 8 13 17 20 26 34 40
0 8 12 16 18 20 26 34 40
1 7 13 17 20 23 26 34 40
2 8 13 18 20 23 26 34 40
0 11 12 18 20 24 26 34 40
2 7 13 17 20 26 34 40
1 8 14 17 20 23 27 34 40
2 7 13 17 20 26 35 40
0 7 12 17 20 26 34 40
0 8 12 18 20 23 24 26 34 40
0 8 12 18 20 24 26 34 40
1 6 13 19 20 23 26 34 40
1 8 14 17 20 26 34 40
0 8 12 17 20 26 34 40
2 7 14 17 20 23 26 34 40
1 7 14 17 20 23 26 34 40
0 6 12 18 20 24 26 34 40
3 9 13 18 20 26 34 40
4 6 14 16 17 20 23 29 34 40
1 7 13 17 20 26 35 40
0 11 12 17 20 23 24 26 34 40
1 6 14 18 20 26 34 40
1 7 13 17 20 26 34 40
3 9 13 17 20 26 34 40
1 8 14 17 20 23 26 34 40
0 8 12 18 20 26 34 40
1 6 14 17 20 23 26 34 40
2 7 13 17 20 26 34 40
1 7 13 18 20 23 26 34 40
0 8 12 17 20 24 26 34 40
1 7 13 17 20 26 34 40
4 6 14 16 18 20 23 30 34 40
1 6 14 16 17 21 27 34 40
3 9 13 18 20 26 34 40
0 6 12 17 20 23 24 26 34 40
1 6 14 17 20 23 30 34 40
2 7 13 18 20 26 34 40
1 8 13 19 20 23 26 34 40
0 8 12 18 20 26 34 40
1 7 13 19 20 23 26 34 40
2 7 13 18 20 26 34 40
3 9 13 18 20 23 26 34 40
0 8 12 17 20 24 26 34 40
2 7 13 18 20 26 34 40
4 6 13 16 18 20 23 32 34 40
4 6 14 17 20 23 26 34 40
0 6 12 17 20 23 24 26 34 40
1 6 14 16 17 20 23 26 35 40
2 7 13 17 20 26 34 40
1 8 13 18 20 23 26 34 40
0 8 12 18 20 26 34 40
1 7 13 17 20 23 26 34 40
0 8 12 18 20 24 26 34 40
2 6 13 19 20 26 34 40
4 6 14 18 20 23 26 34 40
4 6 15 16 18 20 23 26 34 40
0 6 12 18 20 23 24 26 34 40
1 6 15 16 18 21 23 26 34 40
4 8 14 18 20 23 26 34 40
0 7 12 18 20 24 26 34 40
0 8 12 17 20 26 34 40
1 6 14 17 20 23 26 35 40
0 8 12 17 20 24 26 34 40
4 6 13 16 17 20 23 26 34 40
4 6 13 18 20 23 27 34 40
2 6 13 18 20 23 26 34 40
1 6 15 18 20 23 26 34 40
4 8 14 17 20 23 28 35 40
0 7 12 17 20 24 26 34 40
1 7 14 17 20 27 34 40
0 8 12 17 20 24 26 34 40
0 8 12 17 20 23 24 26 34 40
1 8 14 17 20 23 26 34 40
0 8 12 18 20 24 26 34 40
0 6 12 18 20 23 26 34 40
5 6 14 18 20 23 32 34 40
2 6 13 17 20 23 26 34 40
2 6 14 18 20 23 26 34 40
4 6 14 17 20 23 26 34 40
0 8 12 18 20 24 27 34 40
1 7 14 16 17 20 23 27 34 40
0 8 12 18 20 23 24 26 34 40
3 9 13 17 20 26 34 40
1 8 13 19 21 23 26 34 40
0 8 12 18 20 24 26 34 40
5 6 14 16 18 20 23 30 34 40
2 7 13 18 20 23 26 34 40
4 6 14 16 17 21 23 27 34 40
0 8 12 17 20 24 26 34 40
2 6 14 18 20 23 26 34 40
0 8 12 18 20 23 24 26 34 40
1 7 14 17 20 26 34 40
2 7 13 17 20 26 34 40
0 8 12 18 20 24 26 34 40
5 6 14 16 18 20 23 26 34 40
2 7 13 18 20 23 26 34 40
0 8 12 17 20 23 27 34 40
4 6 14 17 20 23 26 34 40
0 8 12 16 18 20 24 27 34 40
2 6 14 16 17 20 23 26 34 40
0 8 12 18 20 23 24 26 34 40
1 7 14 17 20 23 26 34 40
2 7 13 17 20 26 34 40
0 8 12 18 20 24 26 34 40
5 6 14 19 20 23 26 34 40
0 7 12 19 20 23 26 34 40
0 8 12 16 17 20 23 26 34 40
4 8 14 16 18 20 23 30 34 40
0 8 12 17 20 24 26 34 40
1 7 14 18 20 23 26 34 40
0 7 12 18 20 23 24 26 34 40
1 6 13 18 20 23 26 34 40
0 7 12 19 20 26 34 40
3 9 13 18 20 26 34 40
0 8 12 18 20 23 24 26 34 40
0 8 12 18 20 23 26 34 40
4 8 14 16 18 20 23 26 34 40
2 8 13 16 18 20 26 34 40
2 7 13 19 20 23 26 34 40
0 8 12 18 20 23 24 26 34 40
3 9 13 17 20 26 34 40
0 8 12 17 20 24 26 34 40
0 8 12 18 20 23 26 34 40
1 6 14 16 18 20 23 27 34 40
0 8 12 18 20 26 34 40
3 9 13 18 20 23 26 34 40
0 8 12 18 20 23 24 26 34 40
2 7 13 17 20 26 34 40
1 8 13 16 17 20 23 26 34 40
1 11 13 17 20 26 34 40
1 7 13 17 20 26 34 40
2 8 13 18 20 26 34 40
0 8 12 18 20 23 26 34 40
1 6 14 18 20 23 26 34 40
0 8 12 18 20 26 34 40
0 7 12 18 20 23 24 26 34 40
2 8 13 17 20 23 26 34 40
2 8 14 17 20 26 34 40
0 7 12 18 20 26 34 40
2 8 13 17 20 26 34 40
0 8 12 18 20 23 26 34 40
1 6 13 17 20 23 26 34 40
0 8 12 18 20 26 34 40
0 7 12 17 20 23 24 26 34 40
3 9 13 17 20 26 34 40
2 8 13 18 20 23 27 34 40
2 8 13 18 20 26 34 40
2 7 13 17 20 26 34 40
2 8 13 19 20 26 34 40
3 9 13 17 20 26 34 40
2 8 13 18 20 27 34 40
1 6 14 17 20 23 27 34 40
0 8 12 18 20 26 34 40
0 8 12 17 20 23 24 26 34 40
2 8 13 17 20 27 34 40
2 8 13 17 20 23 29 35 40
0 8 12 17 20 27 34 40
2 7 13 18 20 26 34 40
1 8 13 17 20 26 34 40
0 8 12 16 17 20 26 34 40
0 8 12 17 20 26 34 40
1 6 13 18 20 23 27 34 40
0 8 12 18 20 26 34 40
0 8 12 18 20 23 24 26 34 40
1 8 14 17 20 26 34 40
1 6 14 16 18 20 23 27 34 40
5 8 13 16 18 20 26 34 40
0 7 12 18 20 26 34 40
2 7 14 18 20 29 34 40
0 8 12 18 20 26 34 40
0 8 12 18 20 26 34 40
1 6 13 17 20 23 26 34 40
1 6 14 16 18 20 23 29 34 40
1 8 13 16 18 21 23 26 34 40
5 11 13 18 20 26 34 40
2 7 13 17 20 26 34 40
1 7 14 17 20 26 34 40
2 8 13 18 20 26 34 40
0 7 12 18 20 26 34 40
0 7 12 17 20 24 26 34 40
1 8 13 17 20 26 34 40
1 8 14 19 20 23 26 34 40
2 7 14 18 20 23 27 34 40
2 8 13 17 20 26 34 40
3 9 14 16 18 20 23 26 34 40
0 8 12 17 20 26 34 40
3 9 13 17 20 26 34 40
2 8 14 17 20 26 34 40
0 7 12 16 19 20 23 26 34 40
2 8 13 18 20 23 26 34 40
0 8 12 18 20 26 34 40
3 9 14 18 20 23 27 34 40
2 8 13 18 20 26 34 40
3 9 13 17 20 26 34 40
1 6 13 17 20 26 34 40
2 8 13 18 20 26 34 40
3 9 13 17 20 26 34 40
2 8 13 16 18 20 23 26 34 40
2 8 14 17 20 26 34 40
2 7 13 18 20 23 26 34 40
2 8 13 17 20 26 34 40
1 6 14 18 20 26 34 40
4 6 14 17 20 26 34 40
0 7 12 17 20 26 34 40
2 7 13 17 20 26 34 40
0 8 12 19 20 23 26 34 40
1 8 13 18 20 26 34 40
2 8 13 16 17 20 23 26 34 40
2 8 13 17 20 26 34 40
1 6 13 18 20 23 26 34 40
5 8 14 17 20 23 29 34 40
1 6 14 18 20 26 34 40
2 7 13 17 20 26 34 40
1 6 14 17 20 27 34 40
4 8 13 17 20 33 34 40
0 8 12 18 20 23 26 34 40
2 8 13 18 20 26 34 40
0 8 12 19 20 26 34 40
2 8 13 17 20 23 26 34 40
5 8 14 17 20 23 27 34 40
1 7 13 18 20 23 26 34 40
1 6 14 16 17 20 23 26 34 40
1 7 15 16 17 20 27 34 40
0 10 12 17 20 24 26 34 40
2 7 13 18 20 26 34 40
0 8 12 18 20 26 34 40
0 6 12 19 20 23 26 34 40
5 8 14 16 18 20 23 26 34 40
3 9 13 18 20 23 26 34 40
1 8 14 18 20 23 26 34 40
4 11 15 16 17 20 23 26 34 40
3 9 13 18 20 26 34 40
2 11 13 17 20 23 26 34 40
3 9 13 17 20 26 34 40
0 7 12 18 20 26 34 40
0 7 12 17 20 23 26 34 40
5 7 14 18 20 23 27 34 40
0 8 12 19 20 23 26 34 40
1 6 14 17 20 23 27 34 40
4 10 14 16 17 20 23 25 27 34 40
5 11 13 18 20 23 27 34 40
3 9 13 17 20 26 34 40
0 7 12 18 20 26 34 40
3 9 13 18 20 23 26 34 40
1 6 14 18 20 23 27 34 40
5 10 14 18 20 23 27 34 40
4 11 13 16 18 20 23 27 34 40
3 9 14 17 20 26 34 40
0 8 12 18 20 23 24 26 34 40
0 7 12 18 20 26 34 40
3 9 13 19 20 23 26 34 40
1 8 14 16 18 20 23 27 34 40
4 10 14 16 18 20 23 29 34 40
5 11 13 17 20 23 26 34 40
2 7 13 17 20 26 34 40
2 8 13 17 20 23 26 34 40
0 7 12 19 20 23 26 34 40
3 9 14 19 20 23 26 34 40
5 10 14 18 20 23 32 34 40
1 11 14 16 17 20 23 26 34 40
2 7 13 18 20 26 34 40
0 8 12 17 20 23 26 34 40
0 7 12 18 20 26 34 40
3 9 13 17 20 26 34 40
0 8 12 17 20 24 26 34 40
0 7 12 17 20 23 26 34 40
5 6 14 16 17 20 23 25 27 35 40
4 11 14 17 20 23 27 35 40
0 8 12 18 20 23 26 34 40
0 7 12 18 20 26 34 40
0 8 12 17 20 24 26 34 40
0 7 12 17 20 23 26 34 40
5 6 14 16 17 20 23 26 34 40
4 11 14 17 20 23 30 34 40
0 8 12 17 20 23 26 34 40
0 7 12 17 20 26 34 40
0 8 12 17 20 24 26 34 40
3 9 13 17 20 26 34 40
5 6 14 16 18 21 23 26 34 40
4 11 13 16 18 22 23 26 34 40
0 8 12 18 20 23 26 34 40
0 7 12 18 20 26 34 40
2 8 14 17 20 26 34 40
5 6 14 18 20 23 27 34 40
4 11 13 16 18 20 23 27 34 40
0 8 12 17 20 23 26 34 40
0 7 12 17 20 26 34 40
1 8 14 17 20 26 34 40
5 6 14 18 20 23 26 34 40
4 6 13 18 20 23 27 34 40
0 8 12 17 20 23 26 34 40
1 8 14 17 20 23 26 34 40
2 7 13 18 20 26 34 40
3 9 13 17 20 26 34 40
5 6 14 16 18 20 23 27 34 40
0 8 12 17 20 23 26 34 40
1 6 13 17 20 23 26 34 40
3 9 13 17 20 26 34 40
3 9 13 18 20 26 34 40
3 9 13 18 20 26 34 40
3 9 14 17 20 26 34 40
4 8 13 19 20 23 26 34 40
1 6 14 17 20 23 26 34 40
0 7 12 17 20 26 34 40
2 7 13 17 20 26 34 40
3 9 13 17 20 26 34 40
0 8 12 18 20 23 24 26 34 40
0 7 12 16 18 20 23 26 34 40
2 8 13 17 20 26 34 40
1 6 14 17 20 23 26 34 40
0 7 12 18 20 26 34 40
3 9 13 18 20 26 34 40
2 7 13 18 20 26 34 40
0 8 12 18 20 23 24 26 34 40
3 9 14 17 20 26 34 40
0 8 12 18 20 24 26 34 40
0 6 12 18 20 26 34 40
2 6 13 18 20 23 26 34 40
3 9 13 17 20 26 34 40
3 9 14 17 20 26 34 40
3 9 13 17 20 26 34 40
0 8 12 17 20 23 24 26 34 40
2 7 13 17 20 26 34 40
2 8 13 17 20 26 34 40
0 6 12 17 20 26 34 40
4 6 13 17 20 23 26 34 40
3 9 13 17 20 26 34 40
0 8 12 18 20 23 24 26 34 40
2 7 13 18 20 26 34 40
0 8 12 17 20 26 34 40
2 6 13 18 20 23 26 34 40
2 7 13 17 20 26 34 40
0 8 12 18 20 23 24 26 34 40
0 7 12 19 20 27 34 40
0 8 12 19 20 26 34 40
2 8 14 17 20 27 34 40
0 6 12 17 20 23 24 26 34 40
3 9 14 18 20 26 34 40
0 8 12 18 20 26 34 40
3 9 13 16 18 20 23 29 34 40
2 8 13 18 20 26 34 40
2 6 13 17 20 23 26 34 40
3 9 13 16 18 20 26 34 40
0 8 12 18 20 26 34 40
0 7 12 18 20 26 34 40
2 7 13 17 20 26 34 40
3 9 13 17 20 26 34 40
2 8 13 16 18 20 26 34 40
0 6 12 18 20 23 26 34 40
3 9 13 19 20 26 34 40
0 8 12 18 20 26 34 40
3 9 13 17 20 26 34 40
0 7 12 18 20 26 34 40
2 7 13 18 20 26 34 40
0 6 12 18 20 23 26 34 40
0 11 12 17 20 26 34 40
3 9 13 19 20 26 34 40
0 7 12 19 20 26 34 40
0 8 12 18 20 27 34 40
2 7 13 17 20 26 34 40
0 6 12 17 20 23 26 34 40
0 11 12 18 20 26 34 40
3 9 13 17 20 26 34 40
0 8 12 18 20 27 34 40
2 7 13 18 20 26 34 40
3 9 13 19 20 23 26 34 40
0 8 12 18 20 26 34 40
2 8 13 16 18 20 26 34 40
3 9 13 17 20 27 34 40
2 8 13 18 20 26 34 40
3 9 13 18 20 23 26 34 40
0 8 12 17 20 26 34 40
2 8 13 16 17 20 26 34 40
3 9 13 16 17 20 26 34 40
2 8 13 17 20 26 34 40
3 9 13 18 20 26 34 40
0 8 12 17 20 24 26 34 40
0 6 12 17 20 24 26 34 40
0 6 12 17 20 24 26 34 40
0 6 12 18 20 24 26 34 40
0 6 12 18 20 24 26 34 40
0 8 12 17 20 26 34 40
1 6 14 17 20 23 29 34 40
0 8 12 18 20 26 34 40
1 7 13 18 20 27 34 40
1 6 14 17 20 26 35 40
2 6 13 17 20 26 34 40
0 8 12 18 20 24 26 34 40
0 8 12 18 20 24 26 34 40
2 8 13 17 20 26 34 40
3 9 13 17 20 26 34 40
0 8 12 18 20 24 26 34 40
0 8 12 17 20 26 34 40
1 6 14 17 20 23 30 34 40
0 8 12 18 20 26 34 40
1 7 13 17 20 26 34 40
1 6 14 17 20 23 26 35 40
2 6 13 17 20 26 34 40
0 8 12 18 20 24 26 34 40
0 8 12 18 20 24 26 34 40
0 8 12 18 20 26 34 40
0 8 12 17 20 24 29 34 40
1 11 13 17 20 23 26 34 40
0 8 12 18 20 26 34 40
2 7 13 16 18 20 26 34 40
1 8 13 16 18 22 23 27 35 40
2 7 13 18 20 26 34 40
0 8 12 17 20 24 26 34 40
0 8 12 17 20 24 26 34 40
2 8 13 17 20 30 34 40
5 6 14 17 20 26 34 40
4 8 13 18 20 23 26 34 40
0 8 12 18 20 26 34 40
1 7 13 18 20 26 34 40
2 8 13 16 18 21 23 26 34 40
0 8 12 19 20 26 34 40
1 8 13 19 20 26 34 40
2 8 13 17 20 26 34 40
1 6 14 16 17 20 30 34 40
2 6 13 17 20 23 26 34 40
0 8 12 18 20 23 24 26 34 40
0 8 12 18 20 26 34 40
2 7 13 18 20 26 34 40
0 8 12 19 22 23 26 34 40
2 8 13 17 20 26 34 40
2 8 13 17 20 26 34 40
1 10 14 16 17 20 23 29 34 40
4 6 14 17 20 23 30 34 40
0 8 12 18 20 23 24 26 34 40
2 7 13 17 20 26 34 40
0 8 12 17 20 26 34 40
2 7 13 18 20 26 34 40
0 8 12 17 20 23 26 34 40
2 8 13 18 20 26 34 40
2 8 13 18 20 26 34 40
1 10 14 16 17 20 23 26 34 40
4 6 14 18 20 23 26 34 40
0 8 12 17 20 23 24 26 34 40
2 7 13 17 20 26 34 40
3 9 13 17 20 26 34 40
3 9 13 18 20 27 34 40
0 8 12 18 20 26 34 40
0 7 12 19 20 26 34 40
0 8 12 18 20 23 26 34 40
0 8 12 19 20 26 34 40
0 8 12 18 20 26 34 40
1 6 14 16 18 20 23 27 34 40
1 8 14 16 17 20 23 26 34 40
0 8 12 18 20 23 24 26 34 40
2 7 13 18 20 26 34 40
1 7 13 17 20 26 34 40
1 8 13 17 20 29 38 40
0 8 12 18 20 23 26 34 40
0 8 12 18 20 26 34 40
0 8 12 19 20 26 34 40
1 8 13 18 20 23 30 34 40
1 8 13 18 20 23 26 34 40
0 8 12 18 20 23 24 26 34 40
1 8 13 17 20 26 34 40
4 8 13 16 17 21 26 34 40
3 9 13 17 20 26 34 40
0 8 12 17 20 23 26 34 40
0 8 12 18 20 26 34 40
0 8 12 18 20 26 34 40
1 10 14 16 18 20 23 30 34 40
2 8 13 18 20 23 26 34 40
0 8 12 17 20 23 24 26 34 40
3 9 13 17 20 26 34 40
1 6 14 17 20 27 34 40
2 8 13 16 18 22 26 34 40
1 7 13 17 20 26 34 40
0 8 12 18 20 23 26 34 40
0 8 12 18 20 26 34 40
0 8 12 17 20 26 34 40
1 10 14 16 18 20 23 26 34 40
2 8 13 18 20 23 26 34 40
0 8 12 17 20 23 24 26 34 40
3 9 13 19 20 26 34 40
1 6 14 17 20 23 26 34 40
2 8 13 18 20 26 34 40
1 7 13 17 20 26 34 40
0 8 12 18 20 23 26 34 40
0 8 12 18 20 26 34 40
4 6 13 18 20 23 26 35 40
2 8 13 19 20 23 26 34 40
0 8 12 17 20 23 24 26 34 40
0 7 12 18 20 26 34 40
4 6 15 16 18 20 23 26 34 40
1 6 14 17 20 26 34 40
1 6 14 17 20 26 34 40
4 8 14 17 20 26 34 40
1 8 14 17 20 26 34 40
0 8 12 18 20 26 34 40
2 6 13 16 18 21 23 26 34 40
2 8 13 17 20 23 26 34 40
0 8 12 18 20 23 24 26 34 40
0 7 12 17 20 26 34 40
4 6 14 18 20 23 26 34 40
1 10 14 17 20 23 27 34 40
1 6 13 17 20 23 26 34 40
4 10 14 17 20 23 25 26 34 40
1 10 14 17 20 23 26 34 40
0 7 12 17 20 26 34 40
0 8 12 17 20 24 26 34 40
2 6 13 18 20 23 26 34 40
2 8 13 18 20 23 26 34 40
0 8 12 17 20 23 24 26 34 40
1 10 14 16 18 20 23 26 34 40
3 9 13 18 20 23 26 34 40
4 10 14 18 20 23 27 34 40
1 10 14 17 20 23 27 34 40
0 7 12 17 20 27 34 40
0 8 12 17 20 24 26 34 40
0 8 12 19 20 23 26 34 40
0 8 12 17 20 23 24 26 34 40
1 6 14 18 20 23 26 34 40
5 10 15 18 20 23 25 26 35 41
4 10 15 16 17 20 23 25 26 34 40
1 6 14 17 20 26 38 40
2 7 13 17 20 26 34 40
0 7 12 18 20 26 34 40
3 9 13 17 20 26 34 40
0 8 12 18 20 23 24 26 34 40
1 6 14 18 20 23 27 34 40
4 10 15 16 18 21 23 25 26 34 40
5 10 15 17 20 23 25 26 34 40
1 10 15 16 17 20 23 25 27 37 42
2 8 14 18 20 26 34 40
0 8 12 17 20 26 34 40
1 6 14 17 20 26 34 40
1 8 13 17 20 26 34 40
0 8 12 18 20 24 26 34 40
3 9 13 17 20 26 34 40
0 8 12 18 20 23 24 26 34 40
1 8 13 19 20 23 26 34 40
4 10 15 16 17 21 23 25 27 34 41
5 10 14 18 20 23 25 26 34 40
4 10 15 16 17 21 23 25 26 39 41
2 7 14 18 20 26 34 40
3 8 13 17 20 26 34 40
1 6 13 17 20 23 27 34 40
2 7 13 17 20 26 34 40
0 8 12 17 20 24 26 34 40
2 7 13 18 20 26 34 40
0 8 12 18 20 23 24 26 34 40
0 8 12 16 18 20 23 26 34 40
4 10 15 16 18 21 23 25 29 38 40
4 10 14 17 20 23 25 27 34 40
4 10 15 16 18 21 23 25 26 34 40
3 8 13 18 20 26 34 40
4 6 14 17 20 23 26 34 40
1 7 14 17 20 26 34 40
0 8 12 18 20 24 26 34 40
2 7 13 17 20 26 34 40
0 8 12 17 20 23 26 34 40
4 10 15 16 18 22 23 25 32 34 40
4 6 14 18 20 23 30 34 40
0 8 12 18 20 26 34 40
4 6 13 16 18 20 23 26 34 40
1 7 14 17 20 23 26 34 40
0 8 12 18 20 24 26 34 40
0 7 12 17 20 26 34 40
1 8 13 17 20 26 34 40
0 7 12 18 20 24 26 34 40
4 10 15 16 18 22 23 25 26 34 40
5 8 14 16 18 20 23 29 34 40
1 8 14 17 20 27 34 40
0 8 12 17 20 26 34 40
1 8 13 17 20 23 26 34 40
1 6 14 18 20 23 26 34 40
0 6 12 17 20 24 26 34 40
1 8 13 18 20 26 34 40
0 8 12 18 20 24 26 34 40
2 8 13 17 20 26 34 40
0 8 12 18 20 23 24 26 34 40
4 10 15 16 17 20 23 25 29 35 40
5 6 14 16 18 20 23 26 34 40
2 8 13 18 20 23 26 34 40
1 6 14 18 20 23 26 34 40
0 6 12 18 20 24 26 34 40
3 9 13 17 20 26 34 40
0 8 12 17 20 24 26 34 40
1 6 13 17 20 26 34 40
1 11 13 17 20 23 26 34 40
1 8 13 17 20 29 35 40
4 10 15 16 18 20 23 26 34 40
5 6 14 18 20 23 26 34 40
2 8 13 18 20 23 26 34 40
1 6 14 19 20 23 27 35 40
0 6 12 18 20 24 26 34 40
0 8 12 18 20 24 26 34 40
1 6 13 18 20 26 34 40
1 11 13 17 20 23 26 34 40
1 8 13 17 20 26 34 40
0 8 12 19 20 23 26 34 40
5 8 14 17 20 23 26 34 40
0 8 12 17 20 24 26 34 40
3 9 14 18 20 26 34 40
1 11 13 18 20 23 26 34 40
1 7 13 17 20 26 34 40
1 6 14 16 17 22 26 34 40
0 8 12 18 20 24 26 34 40
2 7 13 17 20 27 34 40
2 7 13 18 20 26 34 40
1 11 13 18 20 23 26 34 40
2 8 13 18 20 26 34 40
4 6 14 18 20 23 26 34 40
0 8 12 18 20 24 27 34 40
2 8 13 17 20 26 34 40
0 8 12 18 20 26 34 40
1 8 13 17 20 23 26 34 40
3 9 13 19 20 26 34 40
4 6 13 18 20 23 32 35 40
0 8 12 17 20 24 27 34 40
0 8 12 17 20 24 26 34 40
0 8 12 18 20 26 34 40
0 8 12 18 20 27 34 40
1 11 13 17 20 23 26 34 40
4 6 14 16 18 20 23 26 34 40
1 8 13 17 20 26 34 40
0 8 12 19 20 24 26 34 40
0 8 12 18 20 26 34 40
0 8 12 18 20 27 34 40
1 8 13 18 20 23 26 34 40
0 8 12 18 22 23 26 34 40
0 8 12 16 18 20 26 34 40
1 7 13 17 20 26 34 40
0 8 12 18 20 24 26 34 40
0 8 12 16 18 20 26 34 40
2 8 13 18 20 23 26 34 40
0 7 12 18 20 26 34 40
3 9 13 19 20 26 34 40
