0 42 46 93 238 241 332 371 374 378 381
1 41 43 47 94 238 242 333 371 375 379
2 44 48 95 239 243 334 372 375 379 381
3 42 49 96 239 244 331 335 371 376 379
4 41 44 50 97 238 245 331 335 372 376 378
5 42 50 98 239 246 336 372 375 379
6 43 46 99 237 238 247 331 337 371 376 380 381
7 42 51 100 238 247 331 338 371 376 379 381
8 42 52 101 238 248 338 371 377 379 381
9 41 42 53 102 238 249 339 371 374 379 381
7 42 54 103 239 250 340 371 375 379
10 42 55 104 238 251 331 341 372 375 379
11 43 52 105 238 252 341 372 375 378
12 45 56 103 239 253 342 371 377 378 381
2 41 42 49 106 238 254 341 372 376 378
13 41 42 57 107 239 255 333 371 375 378
14 42 52 108 239 256 331 343 371 377 379 381
10 42 52 109 237 238 257 331 344 373 375 379 381
3 45 51 110 238 258 331 343 371 375 378
15 45 52 111 239 259 331 345 372 375 379
1 42 50 112 238 260 331 342 371 377 379 381
16 44 46 113 238 252 335 371 375 378
17 42 47 106 239 261 338 371 375 378
18 42 57 114 239 262 346 372 375 378
19 41 44 58 115 237 238 254 331 341 372 376 378
16 41 43 46 116 239 263 335 372 375 378
14 41 42 59 117 238 264 331 341 371 375 378
20 41 43 50 118 238 265 337 372 375 378
21 43 57 119 238 266 347 371 376 379 381
13 41 43 51 120 237 238 267 341 372 376 378
2 43 49 112 238 268 336 371 376 379 381
22 42 60 121 238 269 348 372 375 380
23 41 43 50 122 239 248 341 372 375 378
7 42 61 123 238 246 331 349 373 375 379 381
24 42 62 124 238 270 331 350 371 375 379 381
16 42 46 99 237 238 268 331 341 372 377 379 381
12 42 52 125 238 269 331 351 372 376 379 381
7 45 60 126 238 255 341 372 375 378 381
25 43 46 127 239 268 341 372 375 378
16 42 63 128 238 271 341 372 375 378
15 42 64 129 239 261 341 372 375 379 381
26 41 42 48 130 239 272 341 372 375 378
11 43 46 131 239 273 331 336 372 375 378
14 44 65 132 237 239 274 341 372 375 379
7 43 66 133 237 239 275 352 371 376 380 381
21 43 52 110 237 238 266 341 372 375 378
27 43 67 107 238 270 353 372 374 378 381
11 42 51 132 238 276 341 372 376 378 381
22 44 60 134 239 256 331 341 371 374 380 381
5 41 42 53 135 238 277 354 371 374 379 381
25 42 68 136 239 255 331 343 371 375 380 381
28 44 49 137 237 239 278 341 372 375 378
5 41 43 52 138 237 238 265 353 372 376 378
9 41 44 52 139 239 273 341 372 377 378
29 41 44 46 103 238 279 337 371 375 378
30 41 44 69 140 239 280 341 372 376 378
12 42 59 141 238 255 331 355 371 376 378 381
8 41 43 50 142 237 239 281 341 372 375 378
7 41 42 70 143 239 262 331 341 371 375 378 381
26 44 50 144 238 282 345 371 376 379 381
2 43 53 145 237 239 283 335 372 376 379
20 41 42 46 146 239 247 331 338 371 375 379 381
11 43 50 104 239 284 341 372 375 378
8 41 45 53 147 239 285 350 372 375 378
9 45 71 131 237 238 268 348 373 375 380
2 42 53 148 238 286 331 337 371 376 380 381
20 42 52 95 238 271 331 341 372 375 378
21 41 44 68 149 237 238 264 341 372 377 378 381
11 41 43 67 150 239 287 334 371 376 378
18 43 72 117 239 264 341 372 375 378 381
12 42 50 151 239 246 331 355 371 376 379 381
2 41 42 50 152 239 272 331 337 372 375 378
0 44 73 113 238 262 341 372 375 378
31 41 43 52 132 240 288 356 371 375 378
1 41 42 74 129 239 247 334 372 377 378
29 42 55 153 238 289 331 341 371 374 379 381
29 42 75 154 238 290 331 357 371 375 378
32 41 43 76 111 239 273 341 372 375 378
25 41 43 50 130 239 283 341 371 375 378
6 44 50 155 239 259 353 372 375 378
21 42 77 133 239 244 358 371 376 379 381
33 42 50 140 239 267 331 333 371 375 379 381
21 42 53 156 238 251 331 353 372 375 379 381
30 43 46 157 238 280 358 371 375 378
2 42 51 158 239 270 331 359 371 375 380
25 45 78 159 238 259 353 372 377 378
26 44 49 154 237 238 246 341 372 375 378
7 45 79 156 238 253 360 373 375 379
30 41 44 66 160 239 272 341 372 375 378
24 42 53 117 238 291 342 371 375 379 381
7 44 52 161 239 292 331 341 372 375 378
12 41 42 46 162 238 284 341 372 375 378 381
19 42 48 163 238 241 331 352 371 376 379 381
19 42 51 164 238 293 331 341 371 376 378 381
28 42 80 165 239 280 354 372 377 379 381
18 42 51 116 238 294 331 354 371 376 378 381
22 42 50 166 238 295 336 371 375 378
21 42 81 103 239 274 346 372 376 379 381
3 41 43 52 167 239 296 335 372 375 379
24 41 44 50 159 239 297 356 372 375 378
11 41 43 72 168 239 279 337 371 375 378
1 42 50 169 239 298 354 371 375 378 381
27 41 42 46 97 239 272 341 372 375 378
2 42 82 170 237 238 299 354 371 374 379 381
9 42 46 171 238 289 345 371 376 379 381
16 42 48 172 238 300 340 371 375 379 381
20 43 81 128 239 262 331 338 371 375 378
8 41 42 53 173 238 265 342 371 377 379 381
7 42 52 98 239 297 331 341 372 376 379 381
29 41 44 57 174 239 269 341 371 375 378
34 41 42 83 175 240 301 331 349 371 375 378 381
30 44 51 105 239 302 341 372 375 378
8 41 42 84 146 238 250 341 372 375 378 381
19 41 43 54 176 237 239 248 341 372 375 378
25 44 50 118 239 297 341 372 375 378
27 41 44 56 177 239 297 341 371 375 378
14 42 50 143 238 258 353 372 375 379 381
6 41 42 85 115 237 238 296 331 339 373 377 379 381
22 41 45 53 104 239 277 342 373 375 378
6 42 46 178 237 238 282 331 333 373 375 379 381
27 43 50 179 239 263 358 371 374 379 381
19 42 63 180 238 288 331 361 371 377 378 381
2 42 64 172 239 303 331 338 371 376 379 381
5 41 43 60 181 238 295 353 372 375 378
19 43 80 126 238 264 340 373 376 378
19 41 43 60 158 239 272 341 372 376 378
26 42 50 182 239 304 331 343 371 377 379 381
28 41 43 68 183 238 284 346 371 375 378
28 44 56 158 239 305 353 372 376 378
8 42 86 119 237 239 242 331 345 372 377 379 381
9 41 42 72 97 239 284 331 343 371 377 378 381
22 42 57 165 238 306 331 346 372 376 378 381
25 42 52 104 239 259 341 372 375 378
3 42 50 134 238 281 331 352 373 376 378 381
19 43 53 184 238 266 333 372 375 379
14 41 43 55 98 238 242 331 345 373 375 378
1 41 43 64 185 239 307 341 372 376 378
6 42 80 143 237 238 258 331 338 371 376 378 381
35 41 44 67 186 239 308 362 372 375 378
2 42 58 125 239 280 331 341 372 375 379
3 42 71 165 238 306 358 371 377 380 381
7 42 59 177 238 309 341 372 375 378
24 43 52 131 239 272 337 371 376 379 381
20 45 80 187 238 255 331 345 372 376 378
19 44 87 178 238 310 341 372 376 379 381
10 42 88 188 239 311 331 358 371 377 379 381
28 42 57 119 239 242 341 372 376 378 381
15 42 51 189 238 277 331 358 371 375 379 381
21 43 58 190 238 283 361 372 377 379 381
30 41 43 57 191 238 307 331 341 372 375 378
30 43 57 192 239 273 341 372 375 378
24 41 43 50 193 239 305 333 371 375 378
19 41 43 72 182 238 312 341 372 375 378
3 41 42 46 106 239 313 358 371 377 378
20 41 43 46 99 238 287 340 372 375 378
14 41 44 69 114 239 307 341 372 375 378
34 42 52 194 239 251 331 363 373 375 379 381
29 44 49 195 238 248 341 372 375 378
6 45 50 196 238 297 351 371 375 379
22 41 42 79 121 237 239 266 331 354 371 377 379 381
36 45 50 197 239 309 331 364 371 375 379 381
26 41 42 53 159 239 249 331 345 371 375 378 381
34 44 46 198 239 257 341 372 375 378
21 42 49 199 238 267 331 357 371 377 379 381
17 42 51 110 239 250 341 372 375 379
3 41 42 83 200 239 249 331 341 372 375 378
24 41 42 51 171 238 254 341 372 375 378
10 43 46 132 237 238 264 338 373 375 378
29 41 42 59 155 238 264 331 335 371 375 378
5 45 59 188 237 238 314 345 371 376 378 381
37 45 60 103 237 238 315 346 371 376 378
37 43 52 171 238 316 358 371 374 379 381
1 42 81 201 238 255 331 350 371 377 378 381
38 41 43 50 110 238 317 359 371 375 378
35 45 67 202 238 314 341 372 375 378
26 41 42 59 203 237 239 318 351 371 374 378 381
20 42 52 204 239 313 331 360 371 374 379 381
14 43 53 197 239 289 355 371 375 378 381
1 42 80 171 237 239 272 335 371 377 379 381
24 43 89 183 239 272 341 372 375 378
25 43 50 147 237 239 319 353 373 375 379
6 41 42 56 205 238 268 331 351 371 377 379 381
30 42 51 206 238 305 341 372 375 379 381
25 41 42 90 120 238 313 337 371 375 378
10 43 46 134 237 238 283 341 372 374 378
17 43 46 136 239 297 351 372 376 378
6 42 58 207 238 244 331 365 371 376 380 381
28 42 72 131 237 239 289 346 372 374 379
26 41 42 52 208 238 265 338 371 375 378
0 43 60 97 239 286 331 366 371 376 379 381
19 42 52 100 239 242 338 372 375 378
0 42 71 209 239 255 331 342 373 375 379 381
19 44 72 153 239 274 341 372 375 379
33 42 66 188 238 274 331 341 372 375 379 381
16 43 48 210 237 239 279 341 372 377 378
34 41 44 54 192 238 250 345 371 375 378
21 41 42 81 211 238 313 354 371 375 378
19 41 43 51 157 239 305 333 371 375 378
37 41 45 52 100 239 295 343 372 377 378
39 42 80 176 238 297 331 341 372 374 378 381
38 43 67 185 239 295 354 372 376 379
21 42 80 212 238 285 341 372 377 379 381
8 42 80 173 238 243 331 367 371 376 379 381
20 42 52 201 239 283 331 333 372 375 379 381
34 42 60 170 238 253 331 353 371 376 379 381
28 45 64 204 237 239 259 338 371 375 379
8 41 43 90 213 239 242 341 372 376 378
21 43 69 147 238 249 331 337 371 375 379
3 43 80 153 239 315 331 343 371 375 379 381
23 43 46 192 239 320 368 373 375 378
7 45 61 115 238 254 335 371 375 379 381
20 43 80 113 237 238 300 332 371 375 378
17 41 43 63 187 239 266 335 371 375 378
21 42 49 214 238 315 331 352 371 374 379 381
40 44 46 114 238 321 341 372 375 378
30 41 44 46 114 238 307 345 372 375 378
9 41 43 54 215 238 307 341 372 375 378
20 43 76 216 239 249 331 341 372 376 379
19 43 50 173 238 289 336 371 375 379
11 44 50 217 239 248 341 372 375 378
19 42 51 100 239 270 331 367 371 376 379 381
5 42 54 171 238 322 367 371 376 379 381
2 43 53 218 239 314 333 372 375 378
9 42 46 162 237 238 306 331 343 372 374 379 381
33 41 42 59 219 239 309 345 372 375 378
30 44 54 109 239 306 341 371 375 380
26 41 43 46 96 239 323 338 371 376 379 381
17 41 42 58 220 237 238 324 331 357 371 375 379 381
21 41 45 53 178 237 238 297 354 372 375 378
28 45 67 221 238 325 341 371 375 380
12 41 42 71 222 238 316 331 354 371 375 379 381
32 42 67 193 239 246 338 371 375 379 381
29 42 47 151 238 326 341 372 375 378
28 42 49 210 239 250 331 341 372 376 379 381
26 43 46 197 239 316 343 371 374 379
26 41 42 60 223 238 253 369 373 374 379 381
10 41 42 59 103 238 242 341 372 375 378
17 42 50 98 238 256 331 347 371 375 379 381
18 43 59 224 238 274 341 372 375 378
28 44 50 200 239 307 335 372 375 378
38 43 83 172 237 238 268 331 333 371 375 379 381
32 43 52 225 238 309 341 372 375 378
10 41 42 46 226 238 262 336 371 375 378
26 41 42 52 191 238 242 355 373 377 378 381
20 41 43 52 195 238 247 359 372 376 378
8 42 46 227 239 258 331 345 372 376 379 381
5 42 51 211 238 305 337 372 377 380 381
5 41 43 91 97 239 290 353 372 375 378
8 43 52 228 238 257 357 371 375 378 381
8 42 71 188 238 247 331 367 371 377 379 381
19 42 50 179 239 327 345 371 376 379 381
11 44 46 193 238 328 341 372 375 378
11 42 57 229 238 302 341 372 376 378 381
20 43 51 230 239 329 337 372 375 378
7 43 53 165 237 239 265 333 372 375 378
13 41 44 60 166 239 297 336 372 377 378
12 43 53 117 237 239 330 331 354 371 375 378
34 42 58 231 239 306 331 338 371 376 379 381
3 43 52 232 239 305 341 372 375 378 381
17 42 53 233 239 285 359 372 375 378
21 41 43 50 234 239 307 341 372 375 378
8 42 46 164 238 306 331 332 371 377 379 381
21 44 50 235 238 242 343 371 375 378 381
27 44 46 163 239 285 337 372 375 378
16 44 51 112 239 280 354 373 375 379 381
28 43 92 111 237 239 297 340 372 375 379
11 44 50 96 239 283 341 372 375 379
6 41 44 52 203 238 302 370 371 375 378
2 42 52 236 239 290 336 371 375 380
1 42 60 180 238 293 331 359 371 374 378 381
