0 4 12 15 18 22 25 29 33 41 44 46
1 5 11 15 19 23 25 30 34 42 46
0 5 9 10 11 13 15 20 23 26 29 33 43 47
0 5 8 15 19 23 27 29 34 43 44 48
1 5 8 12 14 15 18 22 27 30 35 41 49
1 6 8 12 15 19 23 26 30 36 43 44 50
1 6 12 15 18 23 25 30 33 42 44 45 49
1 5 15 18 22 25 31 37 43 44 45 49
0 6 12 15 19 22 25 31 33 43 44 51
0 6 8 12 15 18 22 26 30 35 43 44 45 46
1 6 9 11 15 19 22 27 30 35 41 52
1 4 14 15 19 23 27 30 33 43 46
1 4 12 15 18 22 25 31 38 42 44 45 49
0 4 8 15 20 22 25 29 39 43 46
2 5 9 10 11 13 16 21 24 25 31 33 41 50
1 6 15 18 23 26 30 35 43 46
1 5 15 18 23 26 30 40 42 52
1 6 14 15 18 22 25 30 35 42 44 46
1 5 8 12 15 18 22 25 30 40 41 49
1 6 12 15 19 23 26 30 40 42 45 49
0 5 8 12 15 18 22 27 31 34 43 52
0 4 8 11 15 19 23 26 29 35 43 50
1 4 11 15 20 23 27 30 34 42 46
1 5 12 15 18 22 25 31 35 41 44 45 49
0 5 8 12 17 21 22 25 31 33 43 44 53
0 5 8 14 15 19 22 26 30 33 43 46
0 4 8 15 19 23 27 31 34 43 50
0 4 8 12 15 19 22 27 29 33 43 49
1 4 12 15 18 22 25 30 38 42 49
0 5 8 12 14 15 18 22 27 31 33 42 49
0 4 15 20 23 26 30 39 43 52
0 6 8 12 15 19 22 26 30 33 43 52
1 6 8 12 14 15 18 23 25 31 33 41 45 49
1 6 12 14 15 21 22 25 30 38 41 44 45 49
1 4 11 15 19 23 27 30 34 43 46
1 6 9 11 15 19 23 26 30 33 43 44 46
2 5 8 11 13 14 16 21 24 27 31 35 43 44 50
0 5 8 15 20 23 27 31 34 43 48
0 6 8 12 15 19 23 25 30 34 43 46
0 6 8 12 15 18 22 25 32 39 41 46
0 6 8 15 18 22 26 30 38 43 44 49
0 6 9 11 13 15 20 22 25 31 34 43 48
1 5 9 14 15 19 22 26 30 34 43 44 46
1 4 11 12 15 19 23 26 30 40 42 52
2 5 9 10 11 13 14 17 18 22 27 31 34 43 47
0 6 8 12 15 18 22 25 31 33 42 49
1 5 9 11 12 15 18 22 26 30 33 43 44 49
1 4 8 12 14 17 21 23 27 31 33 41 49
1 5 9 14 15 18 23 26 30 35 42 44 46
1 6 9 12 15 18 22 27 30 33 42 46
1 6 8 12 14 15 21 24 25 31 38 41 49
0 5 15 18 22 25 29 33 43 44 52
1 5 8 12 13 14 15 18 22 27 30 35 42 44 49
1 6 11 14 15 19 23 27 30 34 43 44 45 49
1 6 9 11 14 15 18 22 26 30 34 42 44 49
0 4 8 12 15 18 22 26 30 38 43 45 49
0 6 8 12 15 19 22 27 31 33 43 50
1 4 11 15 18 23 25 30 40 43 50
0 4 9 10 11 13 15 20 23 27 29 39 43 53
1 6 9 11 15 19 23 26 30 33 43 46
0 4 8 12 15 20 22 25 29 39 43 47
1 5 9 11 15 19 22 25 30 34 41 49
0 5 8 15 20 22 27 29 40 43 52
1 4 14 15 18 23 25 30 40 42 44 45 49
1 6 12 14 15 18 22 26 30 35 42 49
0 4 8 11 12 13 15 19 22 26 29 35 43 47
0 6 8 12 15 20 23 27 29 35 43 51
1 5 9 11 14 15 19 23 27 30 34 42 52
0 6 8 12 14 15 18 23 25 30 38 42 45 49
0 6 8 12 15 19 22 25 31 36 43 48
1 5 15 19 23 26 30 34 43 49
0 5 8 12 14 15 18 22 25 31 35 41 44 46
1 4 11 14 15 21 23 26 30 38 43 52
0 5 8 12 15 20 23 26 29 35 43 52
0 6 8 14 15 18 22 25 31 38 41 44 45 49
1 4 9 11 15 19 23 27 30 33 42 52
1 4 9 12 15 18 22 25 30 38 42 46
1 5 8 11 12 15 18 23 26 30 35 43 44 45 49
3 7 8 12 14 15 21 24 28 32 37 41 44 45 49
0 5 12 15 19 22 25 29 33 43 52
0 6 15 19 23 26 29 33 43 46
1 4 12 14 15 20 23 26 30 34 42 45 49
0 6 8 12 15 19 22 25 31 33 43 51
0 6 9 11 13 15 19 23 27 29 35 43 51
0 4 8 15 20 23 27 31 35 43 46
1 6 11 14 15 18 22 27 31 33 43 49
1 6 12 15 18 23 26 30 35 42 44 49
1 6 12 15 18 22 25 30 33 43 44 49
0 6 15 19 23 27 31 33 43 46
1 5 8 12 15 19 22 25 31 33 41 44 45 49
0 4 9 11 15 21 22 25 32 38 41 46
1 6 9 14 15 18 23 25 30 38 42 44 45 49
1 5 9 11 15 18 23 26 29 40 42 45 49
1 6 8 12 14 15 21 22 25 30 38 41 49
0 6 8 12 15 19 22 27 29 34 43 51
0 6 8 12 15 18 22 27 31 33 43 52
1 5 12 14 15 18 22 26 30 38 43 44 45 46
1 6 15 18 23 25 31 34 42 44 45 46
1 5 12 14 15 18 22 26 30 35 41 44 45 49
1 5 14 15 18 22 27 30 34 41 46
0 6 8 15 19 23 27 31 33 43 52
1 6 12 15 18 22 26 30 40 43 46
1 6 8 12 15 18 22 25 31 34 41 45 46
1 5 11 14 15 18 22 27 30 40 41 52
1 4 8 12 15 19 23 25 31 34 42 46
0 6 12 15 20 23 27 31 39 43 51
1 5 12 15 18 23 26 30 33 42 49
0 6 15 20 23 27 29 33 43 47
1 5 14 15 18 23 27 31 34 41 44 45 49
1 6 12 15 18 23 26 30 35 43 44 49
1 6 8 12 14 15 18 23 26 30 33 43 44 45 49
0 4 8 15 20 23 27 30 38 43 51
1 6 8 12 14 15 18 22 25 31 33 41 44 45 49
0 6 8 15 18 22 25 31 33 42 44 46
0 5 8 12 15 18 22 27 29 40 43 45 49
0 5 8 15 18 22 27 30 33 42 49
0 4 8 12 15 19 22 25 29 38 42 45 49
1 4 9 15 18 22 26 30 33 43 46
0 6 8 15 19 22 25 31 34 43 44 51
0 4 11 15 19 23 27 31 35 43 52
1 6 8 12 14 15 21 22 27 30 33 42 46
1 6 8 12 14 15 18 22 25 30 33 42 44 49
1 6 9 10 11 14 15 18 22 27 30 33 42 52
1 5 8 12 14 15 18 23 26 30 34 43 44 46
1 4 14 15 18 22 26 30 35 42 44 49
0 5 8 15 20 22 25 31 34 43 47
1 6 12 15 19 23 26 30 38 42 44 49
1 6 15 18 22 26 30 34 42 44 49
0 6 8 15 18 22 25 29 33 41 46
1 5 15 19 22 27 30 34 42 46
1 6 12 15 20 23 27 31 33 42 44 50
0 4 9 10 11 15 20 23 27 29 39 43 48
0 4 8 12 15 20 22 27 31 33 43 48
1 5 12 15 18 23 26 30 35 42 45 49
1 6 15 18 22 27 29 35 43 49
1 5 9 10 11 15 18 23 26 30 34 43 47
3 7 8 15 18 22 28 32 40 41 44 45 46
0 6 8 15 19 23 25 31 34 43 48
1 6 12 14 15 18 23 26 30 38 43 44 49
2 5 8 11 13 14 16 21 24 25 32 35 43 44 45 47
1 6 12 14 15 18 23 26 30 40 42 49
0 6 8 12 15 18 22 27 29 33 42 44 46
1 6 15 18 23 26 30 35 43 49
0 5 11 15 18 22 27 30 35 42 50
1 6 8 12 14 15 21 24 28 32 38 41 49
0 6 15 19 23 26 30 33 43 50
1 6 8 12 15 18 22 27 31 40 41 49
1 6 9 11 15 19 23 27 30 34 43 48
