2 5
4 5
0 5 6
1 5 7
0 1 6
2 10
0 1 7
0 1 6 7
2 3 4 10
2 11
0 1 3 8 9
2 5 6 10 12 14
7 10
4 19
0 1 3 5 6 7 8 9 11
0 3 4 11
1 5 7 8 9 30
2 30
2 5 6 14 16 23
1 8 11
3 4 17
3 4 17
0 3 5 7 8 11 30
0 3 4 5 6 7 8 9 11 14 21 30 65
1 78
7 11 15
6 10 11 17
1 2 3 4 5 6 7 8 9 10 17 19 21 24 30 32 49 52
10 18
7 53
0 31
3 4 7 8 9 10 17 21 52 62
11 18
11 18
11 18
5 6 10 11 14 16 18 20 25 31 34 40
2 5 6 8 9 10 12 13 15 21 23 25 29 30 31 32 49 52
3 4 10 12 15 17 22 33
4 10 23 32 33
11 18 20
11 18 30
1 3 4 12 13 15 16 17 22 23 26 37 50
10 11 15 50
7 22 54
16 21
12 23
12 22
11 12 23 30 46
13 15 18
11 31
18 30
18 20
6 8 10 15 16 18 19 25 31 32 33 43
18 35
7 10 14 17 18 22 23 31 107
11 17 22 33
17 22
30 35
23 30
9 11 14 16 17 23 24 30 31 33
10 17 22 50
15 41
11 14 16 18 19 23 33 34 45
8 10 14 16 18 19 27 29 30 32 33 42 43 44 49
14 40
8 9 12 15 17 19 21 22 23 32 39 52
9 10 11 12 14 16 17 18 20 21 22 23 24 29 31 32 33 36 39 50
18 32
30 32
18 22 25 44
11 23 37 38 53
7 8 9 14 16 17 18 19 22 23 25 27 30 32 39 40 43 50 52 58
18 20 24 30 32
10 11 14 16 17 18 21 25 27 30 31 32 33 34 40 43 61
13 16 40
20 24 30 32
6 7 13 16 17 18 19 24 30 31 32 50 52 63
18 19 28 30 32 33 35
11 23 25 27 32 49 52
30 38 49
14 16 19 20 38 40 43
10 11 12 15 16 17 18 21 22 23 29 30 33 37 38 40 50 52 57 58
11 14 15 16 23 26 28 33 37 40 46 50 53
13 16 32 40
11 14 21 25 27 31 34 36 40 43 58
11 14 16 19 22 23 25 28 30 31 32 33 39 43 50 52 54
11 19 22 23 31 33 43 45 49 50
7 17 18 22 24 25 30 31 32 50 63
14 50
15 22 53
15 18 23 31 32 50
11 12 16 22 25 27 33 37 38 40 42 49 50 58
10 12 13 14 16 19 21 24 27 28 30 31 32 33 34 38 40 49 52 57 58 61
20 31
20 31
18 20 31 33 77
15 24 30 31 32 33 35 59
10 11 12 13 14 15 16 17 18 19 20 21 22 23 24 25 26 27 30 31 32 33 36 37 38 39 40 42 43 44 48 50 52 54 57 61 63
33 40
14 16 33 35 37 40 47
18 20 59
31 34
13 33 40 43
14 16 31 34 40 61
19 20 24 32 33 39 58
16 33 40 46 53
18 20 24 25 31 32 33 40 45 47
12 22 23 26 28 37 50 53
11 15 22 23 24 25 27 29 32 35 36 37 38 49 50 53 54 78
11 14 16 22 23 26 33 37 38 40 43 47 50 53 54 57
12 23 35 38 61
17 19 21 22 25 32 33 36 39 42 49 52 53 65
31 34 40
17 22 28 32 33 52 54
22 23 24 27 30 32 38 42 48 49 50 57
12 22 23 26 28 37 50 54
19 50
11 25 31 40 45 47 59 61
23 40 49 54
31 45
21 25 33 36 49 53 54
23 26 28 37 41 47
18 30 32 33 39 58 63
19 24 30 31 32 35 36 40 44 47 48 58 59 61
23 53 54
21 23 24 25 27 28 31 32 33 39 40 42 46 47 48 49 50 52 53 54 55 59
33 47
18 20 23 24 28 29 30 32 33 39 40 41 43 45 47 53 57 58 66 77
22 59
15 19 21 23 24 25 27 28 30 31 32 33 34 36 37 38 39 40 43 45 47 48 50 52 53 57 59 61 63
18 19 23 24 25 29 30 31 32 33 35 39 40 41 45 47 49 50 52 53 57 58 63 75 80
37 38 40 50
31 34 59
19 31 43 47 57
31 47
30 32 41 43 47 57 58 59
31 40 47 54
32 38 40 50 54 55
31 59
40 43 59
37 53
26 53
13 21 24 25 27 29 30 32 33 36 38 39 40 41 42 43 44 46 47 48 49 51 52 56 57 58 59 62 63 65
31 33 40 46 47 55 59 61
23 55 61
32 50 54 55
15 25 38 47 50 55 61
40 43 61
43 47
43 47
22 47 54 56
20 40 59 104
15 47 55 59
35 47
35 47
20 47 59
40 61
40 61
32 47 48 55 58 59
43 55
20 40 58 59 104
25 35 47 59 61
41 47
31 40 61 73
31 40 63
22 26 28 30 31 32 33 37 53 63 66 112
41 47 55
41 47 55
41 47 55
53 54
41 47 55 59
41 47 55 59
32 73
31 33 37 40 43 45 47 54 57 63 64 70
47 55
15 29 52 53 87
31 47 63
47 56
21 26 30 38 42 47 48 51 53 54 55 56 57 58 59 60 63 71 76
50 60
50 60
18 41 50 54 63 84
33 43 47 54 55 59 67 69 93
47 55 60
26 37 39 40 42 43 45 47 48 50 51 52 53 54 55 56 57 59 60 63 70 71 111
20 58 62
30 35 43 47 48 49 52 54 55 56 58 59 60 62 64 66 67 71
23 31 33 34 37 47 54 55 56 57 63 70 71 78 108
19 21 32 43 45 47 48 51 53 54 55 57 58 59 60 62 63 70 71 76
31 63
31 63
31 63
31 63
22 33 37 61 66 69
31 45 61 63
21 30 43 44 45 48 50 55 56 57 60 66 68 69 71 78
47 48 51 54 55 58 60 64
31 61 70
23 35 38 51 63 69
32 47 48 51 53 54 55 57 58 60 62 69 71
51 54
22 41 50 63 84
23 33 34 47 55 61 63 70 71 73
17 61 76
30 43 45 46 47 48 49 50 52 53 54 55 56 57 58 59 60 62 63 64 66 67 69 71 76 78
21 29 30 36 39 42 43 44 47 48 49 50 51 52 53 55 56 57 58 59 60 63 64 66 67 69 70 71 73 74 75 76 78
30 32 48 50 53 54 58 59 60 64 65 66 68 71 88 102
30 31 34 40 44 46 50 54 55 56 57 58 60 63 64 66 69 70 71 73 74 78 79
31 34 61 63 70
38 52 56 73
41 57
31 59 61 63 71
40 49 66 73
17 54 59 102
20 45 58 62 67 104
59 60
55 56
35 47 71
50 57 60 69
47 63
31 64 76
17 32 37 46 58 59 60 62 63 64 66 68 72 84 86 102
17 32 54 59 60 62 64 66 68 69 72 75 102
54 74
50 69
56 57
50 53 65 69 114
21 52 56 69 71 78
57 60
44 50 54 55 57 59 60 63 64 66 70 73 78 102
54 57 70 78
54 60 62 71
17 59 60 62 66 67 70 72 102
50 52 53 54 57 58 59 63 66 67 69 70 71 73 79 81 83 85 90
61 63
17 63 66 83
50 58 72 76 80 91 104
55 56 66
52 57 64 67 69 73 80
48 57 60 62 64 66 69
49 50 52 53 57 58 59 60 62 63 64 66 67 68 69 70 72 73 74 78 79 81 82 107 114 118
59 98
17 38 54 58 62 69 76 83 110
52 64 65 69 72 75
31 63 66 73 112
38 66 78
22 49 58 64 68 69 74 77 81 82 83 88 117
32 52 58 68 72 76 87 89 91 92 97 110
58 59 63 64 66 67 69 73 74 81 85 86 87
61 73
61 70
53 59 66 69 70 73 81 83 100 104
63 70 73
63 73
53 64 69 80 81
53 54 57 60 62 63 64 66 67 69 70 73 76 81 82 83 107 110
50 63 65 67 70 73 79 81 83 85 90
52 65 72 75 82 90
45 66 70
50 67 83 101 103
17 46 72 76 83 84 102
52 53 62 65 67 69 70 73 79 81 82 83 102 114
63 66 109
57 63 65 66 70 73 81 82 83 85
60 63 66 71 83 87
58 69 87 107
54 71 78 108 116
47 66 110
50 83 84 85 96 105 108
52 61 63 65 66 67 70 71 73 74 79 81 83 86 87 90 95 100 102 104 105 110 119
58 65 69 70 76 82 84 85 89 95 98 103
63 73 115
63 81 84
57 91
57 108
50 63 76 80 83 86 89 92 93 94 95 96 97 98 99 110
56 69
50 61 63 69 70 76 80 81 83 84 85 89 91 92 93 94 95 96 98 99 103 104 108 110 112
66 69 73 81 82
66 69 73 81 82
61 63 66 70 76 79 81 82 83 85 87 88 96 97 109 110
63 73 79 81 83 102 105
58 82 84 95 98
66 70
63 66 70 83 110
63 72 76 81 83 98 101 117
63 115
63 115
49 52 63 65 67 69 70 74 75 76 79 80 81 82 83 84 85 86 87 89 90 91 92 93 94 95 96 98 99 100 102 103 104 106 107 108 110 112 115
63 64 66 68 69 70 76 77 81 82 86 87 89 96 101 106 108 109 110
50 76 83 84 85 92 103 108 110
58 64 76 81 82 83 91 92 97 98 101
63 66 68 73 79 81 82 87 94 108 113
61 62 69 70 73 82 83 85 86 87 90 99 100 102 105 110
61 62 69 70 73 82 83 85 86 87 90 99 100 102 105 110
66 73
57 63 66 70 72 76 81 83 84 88 94 101 102 110 112
61 63 66 76 82 83 85 87 88 97 105 112 113
54 62 64 65 66 69 70 81 82 83 86 87 90 100 102 105 110 113 114 119
50 65 75 81 82 83 84 85 89 90 91 92 97 102 103 104 106 107 108 110
65 69
62 69 71 83 87 90 99 102 105
63 82 97 101 102
63 68 69 70 76 81 82 83 84 85 87 95 97 102 109 110
63 67 74 82 90 108 113
52 67 77 79 81 83 86 88 89 101 103 108 110
63 69 76 81 101 109 110
49 63 74 80 81 82 83 84 85 86 89 90 92 93 94 95 96 99 110 112
52 69 76 81 82 83 85 89 90 91 94 96 97 98 102 105 106 107 110
61 63 66 70 76 79 81 82 83 85 88 94 95 96 97 100 102 107 109 110 111 112
66 77 81 82 84
52 71 83 84 97 99 108 110 128
61 63 64 66 70 79 81 83 86 88 91 92 94 95 101 109 110 111 112 115 130
61 65 66 67 70 73 79 81 83 86 90 93 95 102 105 110 118 119
63 66 73 74 76 77 79 82 83 84 87 94 95 110 111 120
62 71
57 65 81 82 83 84 85 87 89 92 94 102 104 110
69 71 83 85 95
61 71 76 81 82 83 84 85 87 89 91 92 94 102 108 110
70 74 79 81 83 90 102 105
49 65 67 81 82 85 86 87 90 91 100 101 102 106 107 112
69 70 76 77 84 85 91 93 101 104 110
30 63 70 78 110 112 118 121 122 132
64 69 70 75 76 83 86 101 102 109 110
57 81 83 84 85 99 108 110
63 66 76 82 83 87 102 110 120
63 71 76 77 80 81 83 84 85 86 89 90 91 93 94 95 96 97 98 99 101 102 107 110 112
69 76 85 108
69 76 82 85 91 93 94 103 108
69 82 84 87 98 106
69 81 82 85 87 91 101 106
62 76
63 121
76 80 81 83 91 92 98 101
76 79 81 82 86 91 97 101 107
62 73 82 83 90 102 110
76 79 82 84 87 89 93 94 108
76 81 82 83 85 86 87 90 97 98 102 106 107 110
66 81 82 83 88 95 102 110
61 62 81 86 87 110 112
65 81 83 84 85 89 102 106 108 110
62 71 102 116
77 81 82 83 84 85 91 92 96 99 103 108 110
52 83 111 112
60 64 71 75 78 86 108 112 113 116
69 85 102
69 85 102
69 81 82 88 91 108 110
71 83 85 95
76 81 83 85 89 94 98 103 110
71 76
81 83 84 85 91 92 93 94 97 101 110
64 76 80 85 91 92 101 110
76 77 80 82 85 91 93 97 100 106 110 117
66 83 94 95 101 102 110
81 83 89 91 98 101
71 81 83 87 91 94 101 106 110 135
81 83 85 89 97 98 102 110
66 70 121
62 66 71 73 75 79 83 87 90 102 107 116 117 118 119 124 125 126 135
69 102
37 110
45 66 102 116 120
71 72 83 110
70 102
70 102
82 83 87
83 85 102
83 85 102
83 87 94 102
83 84 94 98
63 66 71 78 102 110 112 113 118 119 122 123
81 85 102
64 66 81 94 101 109 110 115 120
83 92 102
83 85 94 95
76 81 110
83 91 98 101
83 84 85 94 103 110 112
83 102
65 71 77 98 100 107 108 112 113 116
67 87 100 102 107 114
81 82 91 101 112
71 94 108 109
82 83 110 113
87 101 102
64 71 75 78 80 102 107 108 112 116 117 118 120 121 123 138
64 71 102 113 118
85 102
85 102
76 110
71 73 102 110 116 117 118 120 121
85 89 110
82 91 101
65 102 104 110 122 124 125 127
94 95 102
82 87
102 110 127
71 78 102 107 108 110 112 115 118 119 121 122 123 124 125 126 127 128
89 94 110
64 72
78 95 102 108 111 124 129 135
65 104 110 122 124 125
82 87 106 113
71 102 104 110 112 113 118 122 123 124 126 131 137
52 107 111 112 113 114 117 120 123 124
102 110 122 126 127 128 135
61 115 132
91 110 119
82 107
90 102 110 112 120 121 122 124 126 128 133
71 78 112 116 118 120 123
102 110 112 122 123 124 127 128 130 134
71 116
71 116
78 110 112 113 120 121 126
104 105 110 112 121 122 124 125 127
71 112 116 118
78 108 112 115 116 118 121
102 110 112 118 120 122 123 124 125 126 127 128 130 131 133 134 136
78 108 112 115 118 121 123
78 108 112 115 118 121 127 136
52 114 120 122 123 124 126 127 129 130 133 137
78 110 112 113 114 115 117 118 119 120 121 122 123 124 125 127 128 130 131 134 136
110 112 120 121 122
87 106 112
110 116 121
78 108 112 115 118 120 121 122 123 128 130 131 134 138
102 107 112 115 116 118 119 122 123 126 129 131 132 137
109 110 111 117 118 122 123 124 126 127 128 131 135 136
110 122 123 124 127 128 129 130
78 112 113 115 117 118 119 120 122 123 125
110 121
110 112 118 120 122 123 124 125 127 128 129 131 133 134 136
110 118 122 124 128 133 134
102 118 135
110 138
110 112 116 125 129 132 133
110 112 119 120 122 123 124 125 126 127 128 129 130 131 132 133 134 136 138
110 112 114 118 120 122 123 124 125 126 127 128 129 130 131 132 133 134 136 138
110 112 118 121 123 124 125 126 127 129 131 132 133 137
110 112 118 119 120 121 127 129 131 132 133 135 137
110 127 129 131 133 135
110 121 123 129 134
110 119 120 126 129 131 133 137
110 114 120 123 124 126 128 129 133 137
110 120 122 124 125 126 129 133 134 136 137
110 118 119 126 132 135
110 119 120 121 125 127 129 133 134 137
110 118 120 125 129 132 134 137
91 101
91 101
68 87
64 118 119 120 123 129 132
112 119 120 121 123 124 125 126 127 128 129 130 131 132 133 134 136 138
73 113
112 118 119 120 123 124 125 129 132 133 134 136
112 120 123 124
112 120 122 129 131
112 119 122 124 129 132
112 113 115 120
112 116 120
112 118 121 125 129 131 132 133 134
112 116 118
112 115 118 121 132
112 115 118 121 132
107 111 114 120 122 123 133 138
112 119 123 129 131 132 134 137
111 112 120 121 123 132 137 138
112 129 133 134 137
112 120
112 118
118 120 121 129 131 132 134 137
107 123 133 134
120 122 129 133 134
118 120 129 132
118 120 129 132
68 94
118 129 132 134
121 129 134
119 129 133
115 118
115 118
118 125
118 132
118 132
118 132
113 120
129 132
113 121
67 111
126 127 138
121 138
132 137
132 137
95 135
96 113
109 113
109 113
114 125
111 114
