2 12 13 18 23 28 33 37 40 44 48 52 53 55 58 60 65 70 75 80 85 90 124 141 158
3 14 19 23 29 33 38 41 44 48 55 56 61 65 71 75 80 85 91 124 142 158
4 11 14 19 23 29 34 37 41 44 49 52 53 54 55 60 65 72 76 81 85 92 125 143 159
4 13 20 24 30 35 37 41 45 48 54 59 62 66 72 75 80 86 93 126 144 160
5 15 21 25 29 35 38 41 44 48 54 55 58 60 65 72 75 82 86 91 127 145 159
1 5 11 13 21 26 29 36 37 41 44 48 54 61 67 72 75 82 86 92 126 146 160
1 5 11 16 20 25 29 35 37 41 44 48 53 55 60 67 70 75 80 85 94 128 147 161
3 12 13 18 25 28 35 37 40 44 48 52 55 58 60 68 70 75 80 87 90 127 142 158
1 4 11 12 15 20 26 29 35 37 41 44 48 54 55 60 66 72 75 80 87 94 129 148 162
1 4 15 18 25 29 35 37 41 44 48 54 61 69 73 75 80 86 94 130 146 160
4 13 18 27 31 36 37 41 44 48 54 55 62 65 71 75 82 88 94 131 143 163
4 16 19 26 29 36 38 42 45 48 61 66 72 75 80 89 91 131 147 164
1 4 11 13 18 24 30 33 38 41 46 48 54 60 65 71 75 81 86 93 130 144 165
1 4 13 21 27 29 33 37 40 44 48 54 55 61 67 71 75 82 85 93 131 145 161
1 4 12 16 20 25 29 35 39 41 45 48 55 59 60 69 72 75 80 85 94 130 149 166
5 13 18 24 29 35 37 41 46 48 55 60 67 70 75 82 88 91 130 144 165
5 13 18 26 30 36 37 41 45 48 54 62 66 71 75 82 88 90 132 144 165
5 15 21 25 29 36 37 42 44 48 52 58 61 65 72 75 80 89 91 133 145 159
1 3 15 20 26 30 33 37 41 46 49 61 69 74 76 83 86 95 127 142 167
1 5 11 13 21 24 29 35 38 41 46 48 53 54 62 68 71 75 81 86 91 133 145 159
1 4 13 21 27 29 36 37 41 44 48 53 55 60 67 73 75 80 87 94 132 144 160
1 4 13 18 24 31 34 38 41 46 48 54 55 61 67 72 75 80 86 94 128 146 160
1 5 11 13 20 27 29 33 37 41 44 48 53 60 69 73 75 81 86 93 126 146 166
1 5 11 16 20 25 29 36 37 40 44 48 61 67 70 76 83 86 94 132 150 164
4 10 16 18 26 31 33 37 41 45 48 52 54 60 65 72 75 80 86 93 131 151 168
5 16 20 26 30 35 37 41 46 50 54 55 56 63 66 72 75 81 86 96 127 151 168
1 4 16 20 25 29 35 37 41 46 48 54 55 60 66 72 75 82 86 93 128 147 161
1 4 13 20 24 30 34 37 41 46 48 53 54 55 64 66 70 76 83 87 91 126 149 160
1 5 11 12 15 18 26 29 35 37 41 44 48 52 61 65 71 75 80 86 91 134 152 161
1 5 13 18 27 28 35 37 41 44 48 54 59 60 67 74 77 84 86 95 131 147 161
1 4 13 18 24 30 35 37 41 44 48 54 55 56 61 67 72 78 83 86 94 135 152 164
1 4 13 18 26 30 36 37 40 44 48 60 65 73 75 80 86 94 136 149 169
1 4 10 13 21 27 32 33 37 41 44 48 59 60 69 72 75 80 86 94 136 149 166
1 4 11 15 21 25 29 33 37 41 44 48 53 56 61 65 72 75 80 88 94 133 145 164
1 5 15 20 25 29 35 37 41 46 48 54 55 56 61 67 71 75 80 86 94 128 144 160
4 16 21 25 29 34 38 40 46 48 58 62 69 73 75 80 86 94 133 153 158
1 4 11 13 21 27 30 35 37 41 45 48 61 67 71 75 80 89 93 126 149 170
1 5 10 12 13 18 25 28 36 37 40 45 48 59 64 67 71 75 80 86 97 126 149 160
4 10 15 18 26 31 33 37 41 45 48 52 54 60 65 72 75 80 86 93 128 147 161
4 10 16 20 23 29 36 37 41 46 48 52 54 58 60 65 73 75 80 88 98 130 150 171
5 11 16 20 25 29 35 37 40 44 51 56 59 62 65 71 75 82 85 99 125 145 161
1 4 11 13 18 27 29 35 39 41 46 48 55 56 59 61 67 71 76 83 86 98 128 147 164
1 4 13 18 26 28 33 38 41 44 48 60 65 71 75 80 86 93 137 148 170
1 4 16 20 26 30 33 38 41 46 48 52 55 61 67 73 75 80 87 94 133 143 161
5 11 16 20 25 32 33 38 40 44 51 52 53 60 65 71 76 82 86 96 131 145 163
4 11 12 13 21 25 29 33 37 41 44 48 52 54 59 61 66 72 75 80 86 98 133 143 158
5 11 12 15 21 25 30 35 37 41 44 48 55 64 65 74 75 83 85 100 134 147 161
1 5 13 21 24 30 36 37 41 47 48 53 60 66 72 75 80 88 91 137 154 172
1 4 13 20 27 29 35 37 41 44 48 54 55 58 60 65 71 76 82 86 93 126 146 165
4 13 18 26 28 34 38 41 44 51 52 56 60 67 70 75 80 85 93 125 153 173
5 11 16 20 26 30 33 37 42 44 48 54 55 60 65 71 76 81 89 93 128 150 171
4 11 13 20 24 29 34 37 41 44 48 54 55 60 65 71 75 80 86 93 134 150 171
1 4 11 12 13 20 24 31 34 38 40 46 51 53 55 58 61 69 74 78 83 86 90 134 152 159
4 13 18 26 30 33 37 41 46 48 52 54 55 62 65 70 76 81 86 94 133 145 161
4 11 12 15 21 25 29 34 37 41 46 48 53 54 55 61 65 70 79 83 87 90 131 150 171
5 12 16 19 25 29 34 37 41 44 48 53 54 59 61 65 70 75 80 88 98 133 151 159
4 12 13 21 26 30 36 37 41 44 48 54 60 65 72 75 80 87 94 130 146 160
1 4 13 18 27 31 36 37 41 44 48 58 62 66 72 75 80 86 91 130 146 160
1 4 11 14 20 25 32 35 38 41 44 48 52 60 65 72 75 80 86 93 135 145 163
5 13 20 26 29 33 37 41 44 48 55 60 66 71 75 80 86 93 126 149 166
5 10 13 18 24 28 34 37 41 44 48 58 64 67 70 76 81 89 90 131 152 161
5 14 19 26 30 33 38 43 46 48 52 56 59 61 69 74 77 84 86 90 131 143 161
5 11 14 20 25 30 36 38 41 44 48 52 53 60 67 71 75 80 87 91 133 145 163
5 13 21 27 31 35 37 41 45 48 52 54 62 67 70 76 83 89 93 131 151 163
4 11 13 21 26 30 36 38 41 44 48 52 53 59 60 67 70 76 83 88 94 131 145 159
5 11 13 21 27 30 33 37 42 44 48 61 67 71 75 82 87 93 129 146 160
1 4 12 13 18 25 30 36 37 41 47 48 56 59 63 65 71 77 84 85 91 132 150 164
5 15 19 26 29 33 37 41 47 48 52 54 55 60 65 71 75 82 86 91 125 153 158
4 10 11 16 20 24 30 36 37 40 44 48 52 54 55 60 68 71 75 81 89 93 133 151 168
4 10 11 15 19 25 29 36 38 40 47 48 55 56 60 67 72 76 81 85 100 129 149 166
1 5 15 19 25 29 36 38 40 47 48 54 55 60 65 72 75 80 86 94 132 146 160
1 4 13 20 25 29 33 37 41 47 48 53 55 62 65 71 75 80 85 94 131 145 159
4 10 14 19 25 29 36 37 41 44 50 52 55 56 59 62 65 70 76 83 86 93 133 141 167
1 5 15 19 25 29 36 37 41 46 48 53 58 61 65 72 76 82 86 93 128 147 165
5 15 21 25 30 35 37 41 44 48 52 54 60 65 71 76 83 86 101 134 147 161
1 4 13 21 27 29 35 37 41 44 48 54 60 65 71 76 81 86 90 135 151 159
1 4 13 22 27 29 33 37 40 47 48 53 62 67 71 75 80 87 98 134 152 159
5 16 20 25 29 36 37 41 47 48 53 54 55 59 61 66 71 75 81 85 94 134 152 161
1 3 16 19 25 29 35 37 40 46 49 52 57 60 69 73 75 80 85 93 133 143 159
5 15 18 23 29 33 37 41 44 48 55 64 67 71 75 82 85 100 124 142 167
1 4 16 21 25 30 33 38 41 46 48 52 54 56 59 62 66 72 75 81 85 93 131 147 164
1 4 16 21 25 29 35 37 41 45 48 52 53 54 55 56 61 65 72 75 82 86 91 134 145 161
4 11 15 20 26 29 36 37 41 44 48 54 55 60 67 70 75 80 86 92 125 141 158
1 4 11 16 20 26 30 35 37 40 44 48 53 54 61 65 71 75 81 89 91 126 146 160
4 14 19 25 29 35 38 41 44 48 56 60 65 72 76 81 89 93 135 145 159
4 13 18 26 30 36 38 40 44 50 53 54 55 59 60 67 70 76 81 86 90 125 151 168
5 11 16 20 23 29 33 37 41 44 48 55 58 60 65 70 75 82 88 91 133 153 158
4 13 20 25 29 36 37 41 45 48 61 65 71 75 81 87 91 132 144 165
1 5 16 20 26 29 36 38 40 44 51 53 54 56 60 67 72 75 80 85 100 134 145 159
1 5 11 12 13 18 27 31 36 37 41 44 48 55 58 60 68 71 78 84 86 102 133 141 173
5 15 21 25 29 35 37 41 45 48 54 55 59 60 65 71 75 81 89 94 125 153 168
4 13 21 26 29 36 37 41 46 48 53 54 60 69 74 75 81 87 91 129 155 170
5 11 15 19 25 29 35 38 41 44 48 52 55 58 62 65 71 76 81 88 91 125 141 158
5 13 20 27 30 35 37 40 44 48 54 61 65 71 75 80 87 94 134 145 159
1 4 11 16 20 26 31 36 37 41 47 48 60 65 70 75 80 89 90 134 150 165
4 10 14 19 23 29 35 37 40 47 51 52 54 62 68 72 75 80 87 93 125 145 159
1 5 10 13 21 26 29 36 37 40 46 48 52 56 62 65 71 75 80 89 93 134 146 160
5 16 19 25 29 33 37 41 44 48 54 55 58 59 60 65 74 75 80 86 93 133 151 159
5 13 18 25 29 36 37 41 46 48 53 56 61 65 70 75 82 87 90 134 144 165
5 13 21 25 32 33 37 41 45 48 52 54 55 61 65 74 75 80 85 94 125 151 168
1 5 13 18 26 30 34 37 41 46 48 52 54 60 69 74 77 84 89 96 125 153 167
1 5 13 18 26 28 34 38 41 45 48 59 60 67 71 75 80 89 94 129 155 169
1 4 13 18 26 29 33 37 41 46 48 56 61 65 71 75 80 86 91 131 150 165
4 15 20 26 29 35 37 40 44 48 52 54 55 60 65 74 75 80 88 103 125 141 158
1 4 12 15 18 26 29 33 37 41 44 48 54 61 67 70 75 80 87 94 129 148 170
4 12 15 21 25 31 36 38 41 47 48 52 53 55 58 60 65 71 75 80 89 92 131 152 161
4 16 20 25 29 33 37 41 47 48 52 54 55 61 68 72 75 80 85 98 125 143 168
1 5 15 21 26 29 35 38 41 45 48 61 65 71 75 80 86 93 129 148 170
1 4 10 13 18 25 29 35 38 43 47 48 54 59 63 65 74 78 84 87 90 131 150 171
5 11 13 18 24 31 34 37 41 45 48 54 59 61 67 74 75 80 89 91 130 146 166
1 4 11 12 13 18 27 28 33 37 41 46 48 53 61 69 71 75 80 89 90 138 154 162
5 10 15 21 26 29 36 38 41 45 51 52 60 68 72 75 80 88 94 125 145 159
5 16 20 23 29 35 37 41 44 51 52 53 62 68 72 75 80 86 90 131 150 171
1 4 11 13 20 27 29 33 37 41 46 48 53 55 62 69 72 75 80 85 92 138 154 162
1 4 10 16 19 24 30 36 37 41 44 48 53 59 61 67 72 75 80 86 98 135 151 163
1 5 13 18 27 28 33 38 41 44 48 61 67 70 75 82 86 93 126 146 166
1 4 13 18 25 28 36 38 40 44 48 58 60 67 71 75 80 88 93 134 150 165
1 5 15 21 25 30 35 38 40 46 48 53 61 67 72 75 80 86 94 132 144 171
1 3 10 14 21 25 29 33 38 42 44 51 61 66 70 75 83 86 104 135 153 168
1 4 15 18 25 29 36 38 41 46 48 53 55 62 67 71 75 82 89 90 130 150 171
4 14 20 23 30 33 37 41 44 48 53 55 56 62 66 71 75 82 87 93 129 146 160
1 4 16 20 26 30 35 38 41 47 48 54 61 69 70 75 82 86 90 129 144 160
5 11 16 18 25 31 33 38 40 44 48 54 59 60 66 72 75 82 86 93 132 150 171
1 5 13 18 24 29 33 37 41 46 48 62 67 70 75 83 86 102 130 152 171
5 16 20 25 29 35 37 41 44 48 53 54 55 59 61 67 70 75 80 86 94 133 153 168
1 4 15 18 26 30 35 38 41 46 48 52 53 55 61 69 74 78 82 86 94 132 150 164
4 11 12 15 18 25 29 35 37 41 44 48 52 53 59 61 65 72 75 80 87 94 125 145 161
6 17 19 23 29 33 39 41 44 49 55 56 57 58 62 67 72 75 80 86 93 125 143 163
1 2 10 16 20 26 29 36 37 41 46 50 62 65 71 75 82 89 94 125 156 174
1 5 10 13 18 27 28 33 37 41 46 48 53 54 62 69 74 76 84 89 98 138 148 170
4 10 15 18 26 28 33 38 40 45 50 55 59 60 66 72 76 82 86 94 128 157 174
4 14 19 23 29 33 37 42 46 48 56 59 60 65 71 75 82 89 94 133 157 174
3 11 16 20 25 29 33 38 41 46 48 55 59 62 67 70 75 81 86 100 131 150 164
5 12 15 18 26 29 33 38 41 46 48 53 55 62 66 73 75 83 86 95 128 152 161
1 4 10 15 18 23 28 33 37 43 44 48 55 58 59 61 65 71 75 80 86 94 135 157 174
4 13 18 26 32 33 37 41 45 48 59 60 65 71 75 80 86 94 134 157 174
1 3 10 15 18 23 29 33 37 42 44 48 53 55 58 61 67 74 76 83 86 94 131 157 174
5 12 15 21 25 29 33 39 40 46 50 56 59 60 65 72 75 80 86 94 139 157 174
1 5 11 14 19 26 29 33 37 41 44 51 53 55 58 59 60 67 70 75 81 86 94 130 147 164
4 13 18 27 28 33 37 40 46 48 53 60 65 72 75 80 86 94 129 149 160
1 4 13 21 27 30 33 38 40 47 48 52 55 64 66 72 75 80 85 94 125 151 174
1 5 11 16 20 26 30 36 38 40 46 50 64 65 71 76 82 88 98 135 151 163
4 13 18 27 30 33 37 41 45 48 54 60 66 72 75 80 86 93 135 152 161
5 11 14 19 23 32 33 37 41 46 48 53 55 62 67 70 78 81 87 93 130 144 171
1 3 16 19 25 29 35 37 41 46 49 55 61 67 74 75 82 86 94 124 157 174
4 14 19 25 30 33 38 41 44 48 54 55 60 67 72 75 82 86 94 133 152 161
4 15 20 24 30 35 38 41 44 49 55 62 65 72 75 80 85 94 127 153 174
4 14 20 23 29 33 37 41 44 48 54 55 56 60 65 72 75 80 86 93 131 152 161
1 5 13 18 27 28 33 37 41 46 48 55 57 59 62 65 72 76 80 86 94 125 141 174
1 4 11 12 16 19 26 29 33 37 43 46 49 53 55 60 69 74 76 84 86 94 133 151 159
1 2 11 14 19 25 29 33 37 41 46 49 53 55 57 59 64 65 74 76 84 89 94 127 142 174
1 5 11 16 19 23 29 33 37 41 46 51 53 58 59 60 67 70 78 84 86 90 128 150 165
4 10 15 21 26 30 36 39 40 45 50 54 59 60 66 73 76 81 85 98 131 145 159
1 6 15 20 26 32 35 37 41 46 49 55 57 59 60 69 70 75 80 89 94 124 157 174
3 13 18 25 28 33 37 41 46 48 52 55 58 59 60 66 73 75 80 89 94 134 152 164
1 4 10 16 21 23 30 33 37 41 44 48 52 53 54 58 60 67 70 75 80 87 93 134 143 168
1 3 10 11 14 20 25 29 36 37 41 46 48 53 55 58 64 66 72 78 81 86 98 129 147 171
2 10 14 19 23 29 33 37 42 46 49 56 58 61 66 74 75 84 89 90 135 143 159
1 5 10 16 20 23 29 33 37 42 46 48 53 55 56 58 60 66 72 75 82 85 93 136 146 160
1 5 15 21 25 30 33 38 41 44 51 54 55 59 60 69 74 79 83 86 91 131 147 164
1 3 10 11 16 19 23 29 33 37 40 46 50 53 57 59 62 65 72 76 82 86 94 125 141 174
1 4 10 15 20 25 29 33 37 40 44 50 52 55 59 60 67 70 75 83 85 90 124 151 173
1 5 11 14 20 25 29 33 37 40 46 51 53 58 60 67 70 76 83 86 94 125 157 174
1 3 14 21 23 30 33 38 41 46 48 53 55 57 61 65 71 75 83 88 93 131 145 159
1 3 10 11 14 19 25 30 33 37 43 44 49 53 57 58 59 61 65 74 75 84 86 94 124 143 173
1 5 15 20 26 30 33 37 40 46 51 56 57 58 60 69 72 75 80 88 95 128 152 164
1 5 16 20 25 29 33 38 41 44 48 53 55 57 60 65 74 76 83 89 91 131 145 159
5 13 20 24 30 35 38 41 44 48 53 54 55 59 60 66 71 75 80 85 94 130 146 166
5 16 20 25 29 35 37 41 44 48 54 55 56 61 68 74 75 80 89 94 127 153 174
5 13 18 24 31 36 37 41 44 48 54 55 59 60 67 72 75 80 85 94 130 144 165
1 5 15 18 25 29 33 38 42 46 50 56 62 67 74 76 83 88 94 127 142 174
1 5 14 22 25 29 36 37 40 44 48 54 59 60 65 72 75 80 85 93 132 146 166
1 3 11 13 18 27 29 36 37 41 44 48 54 60 67 70 75 81 86 94 132 152 159
5 14 21 23 30 35 37 41 44 49 53 56 59 60 65 74 75 80 85 94 133 153 174
5 11 15 21 25 29 36 37 40 44 48 54 60 67 74 75 80 89 91 131 152 163
1 3 11 13 21 27 29 33 37 40 44 48 53 54 60 67 70 79 83 89 91 131 151 163
5 16 20 26 29 36 37 40 44 48 53 54 56 62 67 70 75 83 86 93 132 150 161
1 3 15 21 25 29 36 38 41 44 48 53 56 60 65 70 75 83 89 91 127 142 158
1 5 10 13 20 27 30 34 37 41 46 48 59 60 65 71 78 83 85 92 131 143 163
1 3 13 21 25 29 33 37 41 44 48 59 61 66 71 75 80 88 91 131 145 161
1 5 13 21 27 29 35 37 41 44 48 54 62 67 71 76 81 85 92 135 143 168
1 5 15 21 26 29 35 37 41 44 48 53 54 59 60 66 71 75 82 85 93 128 150 164
3 16 18 26 30 36 38 41 44 48 58 61 67 72 76 81 86 94 129 155 169
3 11 15 21 25 29 36 37 41 44 48 59 61 65 71 76 81 87 105 135 151 168
5 15 20 25 29 36 37 41 44 48 54 55 63 66 72 75 82 87 96 128 150 164
1 3 15 21 26 30 34 37 41 44 48 59 60 65 70 76 81 89 100 128 147 161
1 5 14 20 26 30 34 37 41 46 48 54 59 62 65 71 75 82 85 93 134 147 161
1 5 11 16 19 25 29 33 37 41 44 48 53 54 59 60 66 71 75 82 86 94 126 146 160
3 12 15 21 24 29 36 37 41 44 48 55 56 59 62 65 71 75 81 85 90 133 153 163
1 3 10 14 20 23 29 35 37 41 44 48 53 55 58 62 68 71 75 84 85 91 133 151 159
5 16 21 26 30 33 37 41 44 48 53 55 60 65 71 75 80 88 92 134 147 171
3 14 19 23 30 33 37 41 44 48 53 61 65 71 75 80 85 94 133 143 163
1 3 14 20 23 30 34 39 40 44 48 53 54 56 60 67 70 79 84 86 100 125 143 168
1 5 10 15 21 26 30 36 37 41 46 48 60 65 72 78 83 86 98 133 151 159
1 5 16 21 25 29 35 38 40 46 48 53 55 61 65 71 75 80 85 94 132 144 165
3 11 16 18 26 30 33 38 41 44 48 53 59 60 65 72 75 80 86 94 130 146 160
1 3 13 18 26 28 35 37 41 46 48 53 55 61 66 71 75 82 86 91 136 146 166
1 5 10 11 15 21 27 29 35 38 42 46 48 54 62 65 70 78 84 85 98 135 151 159
3 13 18 26 28 35 37 40 46 51 55 60 66 70 76 81 88 106 138 148 170
5 11 13 18 27 28 36 37 41 44 48 54 55 60 69 72 75 82 85 94 135 151 159
5 13 21 24 29 35 37 41 44 48 60 65 74 75 84 88 93 129 149 166
5 16 21 25 29 36 37 41 44 48 52 54 58 60 67 71 75 81 89 90 133 145 159
3 14 19 25 29 33 37 41 44 48 54 55 56 58 60 67 70 75 81 87 91 135 151 159
3 10 16 20 25 29 36 37 41 46 48 55 61 65 72 75 82 85 102 125 141 158
5 10 16 20 26 30 36 37 40 47 48 54 56 61 65 74 75 80 86 90 131 145 161
3 15 18 23 30 35 37 41 45 51 54 55 59 60 67 71 78 83 86 107 131 151 163
5 12 15 19 26 29 33 37 41 44 49 54 55 64 65 71 76 82 89 108 125 153 173
5 13 21 27 29 34 37 41 44 48 53 54 59 63 65 72 75 80 87 92 134 147 171
5 14 19 23 29 35 37 40 46 48 54 55 58 60 65 72 75 83 86 90 135 151 159
3 10 13 21 27 29 36 37 40 45 48 54 59 60 67 72 75 80 89 90 125 153 173
6 15 21 25 29 36 39 41 47 48 54 60 65 71 75 82 85 92 133 143 168
1 3 11 13 18 26 29 35 37 41 44 48 54 55 59 61 65 74 79 84 85 109 128 147 171
5 12 16 20 25 29 36 37 41 44 48 52 54 55 62 65 70 75 80 89 94 128 150 165
1 2 16 20 26 29 35 37 41 44 51 54 60 67 70 76 83 86 110 127 153 168
3 10 11 13 18 26 29 34 37 41 46 48 54 55 58 61 66 73 75 82 85 100 133 145 159
3 11 15 20 25 29 36 37 40 44 48 53 54 55 60 67 70 75 81 87 93 130 146 160
3 13 21 25 29 36 37 41 44 50 53 54 55 59 62 67 74 76 83 87 111 127 141 175
1 2 11 15 21 26 31 35 38 41 44 51 54 55 62 66 70 76 83 89 109 127 141 168
3 16 21 23 29 35 38 40 46 48 54 55 58 62 65 71 75 83 85 112 125 153 168
3 16 20 23 32 33 37 41 45 48 54 60 65 71 75 80 89 91 135 145 159
3 10 16 19 23 30 36 37 40 44 48 60 66 74 75 82 86 93 127 141 158
3 14 19 23 29 36 37 41 45 51 58 59 60 65 70 75 80 86 94 127 142 174
5 16 21 26 28 34 37 41 44 48 52 53 55 64 65 73 75 80 85 93 129 149 169
1 2 16 20 25 29 35 37 40 44 48 54 55 62 65 71 77 84 89 94 128 150 171
5 13 18 27 30 35 37 41 45 48 56 61 65 72 75 80 86 94 132 150 165
2 10 15 19 25 29 36 37 41 44 51 53 59 61 65 71 75 80 89 95 135 143 173
3 15 20 25 29 33 37 41 44 48 53 56 61 65 70 75 81 85 92 129 146 160
1 3 11 16 21 26 30 36 38 41 44 48 54 55 56 61 65 71 75 81 85 93 128 152 164
1 2 11 16 19 23 29 33 37 43 44 48 52 54 59 60 65 72 79 84 85 96 131 143 163
3 12 16 19 25 29 33 37 40 45 48 53 59 62 66 71 75 82 85 92 128 145 164
3 11 13 21 24 29 36 38 41 44 48 53 59 62 66 71 75 82 85 96 132 150 165
1 3 10 16 20 25 29 33 38 40 44 48 54 60 69 72 75 80 87 91 134 152 161
1 3 13 18 27 28 36 37 41 44 48 52 59 60 69 74 75 81 88 96 134 151 163
1 5 13 18 24 29 36 38 41 44 48 54 60 66 70 76 83 87 93 130 150 171
1 5 11 14 19 25 29 35 37 40 44 48 54 55 62 67 72 75 80 86 102 135 153 158
1 5 15 20 23 29 36 37 40 45 48 53 59 61 65 71 75 81 88 92 134 151 159
1 3 11 16 20 25 29 35 38 41 44 48 53 54 56 59 60 67 72 77 84 89 91 130 150 171
5 16 19 25 29 35 37 41 46 48 53 55 59 60 69 72 75 80 86 104 132 147 164
3 10 16 19 23 30 33 37 42 44 48 53 58 64 68 73 75 80 85 93 132 152 161
1 2 16 20 25 30 36 38 41 44 51 53 55 57 61 69 70 78 84 88 94 125 153 174
1 3 11 13 21 24 29 33 37 40 44 48 53 59 64 69 74 75 83 86 96 128 147 164
1 3 10 11 12 13 18 27 29 33 37 40 44 48 54 55 62 65 71 76 81 89 93 131 152 164
1 5 11 13 21 27 29 33 37 41 46 48 53 56 61 67 74 75 80 85 94 127 157 174
1 5 13 18 26 30 33 37 41 46 48 53 61 65 72 75 82 86 94 132 147 164
2 16 19 25 29 33 39 40 45 48 54 55 56 59 60 67 70 75 80 85 94 125 157 174
1 5 16 19 25 29 33 37 42 46 48 53 55 60 65 71 75 80 89 90 138 148 170
1 3 16 21 25 29 33 38 40 46 48 53 55 61 66 72 75 80 88 91 128 147 171
1 7 15 19 26 30 34 37 41 46 49 53 55 56 57 59 61 67 74 77 84 87 95 127 143 168
1 2 10 11 15 21 25 30 33 37 41 44 51 55 59 60 65 71 75 81 86 98 140 142 167
1 5 17 20 25 29 34 37 41 46 48 53 54 55 56 60 65 72 76 83 86 94 132 146 160
1 2 15 20 26 29 33 37 40 46 51 53 55 57 60 67 74 76 83 86 94 127 143 168
1 5 15 21 23 29 36 39 42 44 48 52 55 56 61 65 71 75 81 88 90 125 145 159
1 2 16 19 26 30 34 37 41 46 51 53 55 56 57 62 66 74 76 84 86 91 127 151 168
1 5 10 16 19 25 29 33 37 40 46 48 53 56 58 62 65 72 75 81 85 94 133 151 168
1 3 10 16 19 25 29 33 37 41 46 48 53 55 56 60 67 72 76 83 86 94 133 147 164
1 3 11 14 19 24 29 33 37 40 46 51 60 67 70 75 82 86 93 125 151 168
3 11 13 20 27 30 36 37 41 47 48 54 60 66 71 75 80 89 90 130 147 171
1 6 11 12 13 21 26 32 36 37 41 44 48 55 60 65 73 75 80 87 100 134 152 161
1 2 16 19 25 29 35 37 41 44 48 53 61 66 70 75 82 89 98 126 144 165
3 11 16 20 26 30 33 38 41 47 48 53 54 59 62 67 73 75 80 88 94 131 151 174
2 13 21 26 29 35 38 41 44 48 54 55 59 62 68 72 75 81 88 113 136 148 170
1 2 13 21 27 29 33 37 41 44 48 54 55 56 60 65 72 75 80 85 93 133 143 168
1 2 10 15 20 25 29 33 37 41 45 48 53 56 58 61 65 72 75 80 85 114 132 147 164
3 15 21 25 29 35 37 41 45 48 53 56 58 62 66 71 75 80 89 91 131 151 163
2 16 20 23 30 35 37 41 45 48 54 59 60 65 71 75 80 85 94 135 145 174
1 2 10 11 12 15 18 25 29 36 37 40 44 48 54 60 66 74 78 83 87 109 136 155 169
1 3 15 19 26 29 34 37 41 44 48 53 54 59 61 67 70 78 83 86 93 135 151 159
2 10 13 18 27 29 36 37 40 44 48 53 54 60 65 70 76 82 89 98 128 145 161
1 2 13 20 24 29 36 38 41 44 48 54 59 61 67 74 75 81 86 92 131 151 159
2 10 16 19 25 29 36 37 40 44 48 55 57 59 60 65 74 75 82 85 94 127 157 174
6 15 21 25 30 35 39 41 44 50 54 60 65 74 78 81 86 110 135 151 163
2 16 21 25 30 36 38 41 47 48 54 59 60 69 74 75 81 88 91 126 144 165
2 11 14 19 25 29 35 37 40 44 48 54 55 56 58 60 67 71 75 80 85 93 134 152 161
1 3 10 14 20 23 32 35 37 41 44 48 54 56 58 59 62 69 72 76 82 87 93 126 144 165
3 16 18 23 31 36 37 40 44 48 54 55 59 60 65 71 75 80 87 93 131 145 159
3 11 16 20 26 29 33 37 40 44 48 52 54 55 59 60 67 70 76 81 86 90 128 147 164
2 10 12 15 20 25 30 35 37 40 44 48 53 55 56 57 59 60 68 73 75 80 86 115 131 151 163
1 2 13 18 27 30 35 37 40 46 48 53 54 62 66 70 75 83 85 111 135 151 163
2 13 18 24 31 36 38 41 44 51 52 59 64 67 70 75 80 89 110 135 143 168
1 2 11 13 21 27 30 33 37 40 46 48 53 54 60 66 71 75 82 87 98 131 152 159
1 3 11 12 13 19 26 29 35 37 40 46 48 53 54 59 60 69 70 76 83 86 116 133 143 168
1 3 11 12 15 20 27 30 35 37 41 46 51 53 55 60 67 70 78 83 85 117 134 151 159
2 10 11 14 19 23 29 36 37 40 47 48 54 58 61 66 72 75 80 85 114 128 147 164
2 14 19 25 29 35 37 40 44 48 52 53 61 67 70 75 80 89 91 133 151 159
3 16 20 25 29 33 37 41 44 48 55 56 61 67 74 75 82 86 91 131 151 161
1 3 14 19 25 29 36 38 41 44 48 53 54 55 56 60 65 71 75 82 89 93 128 145 161
2 16 20 23 32 34 37 41 45 48 54 55 60 65 71 75 82 88 108 138 148 162
3 14 19 26 28 36 37 41 45 48 54 55 60 65 71 75 80 85 90 132 147 164
1 2 16 19 26 30 36 37 41 45 48 53 54 60 66 70 75 81 88 90 126 144 165
1 2 11 12 13 18 27 28 36 37 41 44 48 54 61 67 71 75 80 88 118 126 150 160
1 2 13 20 27 29 35 37 41 44 48 54 59 60 65 72 75 83 86 119 128 152 161
3 13 21 24 30 36 37 41 45 48 54 55 60 66 72 75 82 85 94 126 146 160
2 11 16 19 26 32 36 37 41 44 51 53 55 59 61 67 71 75 80 86 100 128 147 171
3 10 11 15 19 26 29 36 37 40 47 48 54 55 58 62 68 72 75 80 85 90 138 148 170
1 2 10 11 15 20 26 29 36 37 40 45 48 54 61 67 72 75 80 89 98 130 150 165
1 3 15 21 24 29 35 37 41 46 48 54 55 60 67 71 75 81 86 91 130 147 161
6 13 18 24 29 36 39 40 44 48 54 64 65 70 76 81 88 94 131 151 174
2 11 13 21 25 29 35 39 40 44 48 54 55 59 60 67 74 75 82 88 92 131 143 168
2 13 21 25 29 36 38 41 47 48 54 55 60 65 71 75 80 85 94 130 150 165
1 2 11 13 18 27 28 35 37 41 46 48 54 55 59 63 67 72 76 82 87 108 129 146 166
2 11 12 13 18 24 29 35 37 41 44 48 55 59 60 66 70 75 80 89 96 128 145 161
1 3 11 13 18 25 28 35 38 40 46 48 53 54 55 60 68 73 76 82 86 94 134 152 159
3 13 20 25 29 36 37 40 45 48 54 55 60 65 71 75 80 85 94 126 147 165
3 15 20 24 31 36 38 41 47 48 54 56 61 66 72 75 82 86 94 136 155 170
1 6 15 21 25 29 35 39 41 44 51 59 60 67 70 75 80 85 104 126 144 171
2 16 18 26 32 36 39 41 44 51 54 60 67 71 75 80 85 98 130 147 164
1 8 12 15 20 26 29 33 39 41 46 48 53 58 61 69 71 75 80 86 94 136 148 170
1 6 13 18 27 30 36 39 40 46 51 54 55 59 60 65 70 75 80 89 120 133 151 168
1 6 10 15 21 25 30 36 38 41 44 51 53 58 59 60 69 71 75 82 86 94 126 147 164
6 11 14 19 23 29 36 39 41 44 51 52 56 60 67 71 75 81 85 102 128 145 159
6 11 14 20 26 30 35 39 41 44 51 53 56 58 59 60 66 70 76 82 85 94 135 151 174
6 16 19 23 29 34 39 42 44 48 55 57 59 62 67 73 75 80 88 104 130 147 171
1 6 14 20 25 30 33 39 41 44 51 53 55 56 60 69 72 76 82 89 112 132 152 161
6 11 15 20 26 29 36 39 40 44 51 54 55 56 59 60 66 72 75 82 87 111 132 145 161
6 14 19 23 31 35 39 41 45 50 53 55 56 59 60 68 72 75 80 85 96 126 150 171
6 10 16 21 25 29 36 39 41 45 51 53 55 59 60 68 72 75 80 85 121 132 152 161
2 16 19 26 29 33 37 40 44 48 54 61 65 71 75 82 87 94 133 143 174
2 13 21 25 29 33 37 41 45 48 54 59 60 65 70 75 80 86 118 135 145 163
3 10 15 18 23 30 33 38 41 45 48 54 56 60 65 70 76 84 86 94 134 152 159
2 13 18 27 29 33 37 41 44 48 54 55 60 67 70 78 81 86 93 134 152 161
3 12 13 21 26 30 33 37 41 44 48 54 55 59 61 66 72 75 82 86 122 132 150 171
3 16 20 25 29 33 37 41 44 48 55 58 59 60 66 72 75 80 85 100 134 151 163
3 10 11 16 20 26 30 33 37 41 45 48 54 62 65 72 76 82 85 112 134 152 161
3 15 19 26 30 33 38 41 45 48 55 56 62 67 71 76 81 86 114 128 144 160
3 11 17 20 23 32 35 38 40 45 48 53 55 62 65 71 76 81 88 94 129 146 160
1 2 13 18 25 29 33 37 41 45 48 53 60 65 71 76 82 85 112 135 147 161
1 3 15 21 25 30 36 37 41 46 48 53 56 60 65 74 78 84 86 112 130 146 166
1 3 10 16 20 26 29 33 37 43 46 48 55 60 67 74 77 84 89 98 134 145 159
3 13 18 27 30 33 37 41 45 48 54 61 67 70 75 81 89 97 131 151 163
3 13 18 27 28 33 37 40 45 48 54 55 56 59 60 65 71 75 82 89 91 130 144 165
1 2 11 16 20 25 29 33 37 41 47 48 60 69 74 76 83 86 93 135 143 168
3 10 16 18 23 29 33 38 41 45 48 55 59 60 67 71 75 80 86 97 128 144 165
2 15 21 26 30 35 37 41 44 48 53 61 65 70 75 80 89 94 125 157 174
2 11 16 20 25 29 35 39 41 44 48 53 56 59 60 65 71 75 80 88 94 133 143 174
2 10 16 20 23 29 33 37 40 47 48 53 58 60 67 70 75 80 89 94 131 151 174
3 15 18 26 29 33 37 41 45 48 53 55 60 67 74 75 81 86 95 129 146 160
6 10 12 15 19 26 32 35 39 41 45 51 53 54 55 58 61 67 71 75 82 86 100 130 150 171
3 15 20 25 29 35 37 41 44 48 54 55 59 60 65 72 76 81 88 94 125 143 174
2 11 15 21 26 30 35 37 41 47 48 55 61 65 71 75 80 87 97 129 146 169
3 10 12 15 20 25 29 35 37 41 44 48 54 55 60 65 71 76 81 88 91 135 145 159
6 16 19 26 30 35 39 41 45 51 53 54 59 60 65 70 75 81 85 91 134 147 161
1 2 13 18 27 30 35 38 41 44 51 60 65 71 76 82 88 94 131 145 174
1 2 11 15 18 26 29 35 37 41 44 48 53 59 60 65 71 75 81 86 119 129 146 160
3 12 16 20 23 32 35 38 41 44 51 55 59 62 65 73 75 82 89 94 135 143 174
2 16 21 23 29 33 37 41 45 48 55 60 65 71 75 82 85 91 134 145 159
2 15 20 25 30 34 37 41 45 48 53 55 59 61 67 71 76 81 87 97 132 150 165
1 2 10 13 21 27 30 33 37 41 45 48 53 55 59 61 65 72 75 82 89 118 129 146 166
1 2 13 21 27 29 33 37 41 45 48 54 55 59 61 67 74 76 81 86 94 131 145 163
3 13 21 24 29 36 37 41 45 48 54 59 60 67 71 75 81 89 94 132 146 160
0 1 2 10 15 20 25 29 33 37 40 46 51 55 56 64 69 74 77 84 86 92 134 150 171
0 1 6 10 14 19 25 30 35 39 42 44 49 53 55 61 67 70 78 81 88 98 133 153 168
0 1 3 15 21 24 29 33 37 40 44 48 54 55 60 69 70 76 81 85 93 132 150 171
0 1 2 11 14 21 23 30 33 37 41 46 51 53 55 57 59 60 65 71 76 81 85 97 133 153 168
0 1 6 10 14 19 25 29 35 39 42 46 51 55 60 67 70 78 81 86 91 133 143 168
0 1 3 10 13 21 26 29 35 37 40 44 48 54 56 59 60 69 74 75 81 88 91 132 152 161
0 2 15 21 26 30 33 38 41 44 48 55 58 59 61 65 70 75 80 86 94 131 151 163
0 3 10 13 18 27 30 34 38 40 44 48 54 60 65 71 75 82 86 91 128 150 171
0 3 11 12 15 20 26 29 36 37 40 44 48 53 55 58 59 63 66 71 75 82 86 93 128 147 161
0 1 2 11 14 19 25 30 35 38 40 46 48 53 55 56 59 62 65 72 75 82 85 91 131 145 159
0 2 11 14 19 23 30 33 38 40 45 48 53 55 61 65 72 75 80 89 94 138 149 166
0 2 10 11 12 14 18 23 29 33 37 42 44 48 53 55 58 59 60 65 70 75 83 86 94 132 150 171
0 1 2 10 11 14 19 23 29 34 37 40 44 51 53 56 57 58 60 67 71 76 81 86 93 132 147 164
0 2 15 21 26 30 34 37 40 44 48 55 59 60 65 72 75 81 85 94 134 152 159
0 3 11 13 18 23 32 33 37 41 44 48 54 59 64 65 70 75 80 87 94 129 146 160
0 3 10 14 20 25 30 33 38 40 44 48 53 55 56 58 62 66 72 75 82 85 94 128 152 164
0 1 2 10 14 21 23 29 33 37 40 44 48 54 55 58 62 65 70 76 83 85 91 131 145 159
0 1 2 11 13 18 27 30 34 37 40 45 48 53 54 55 59 60 66 72 76 82 86 94 132 150 171
0 3 10 14 19 25 30 36 37 42 46 51 54 55 59 61 66 73 75 82 87 94 125 141 174
0 2 16 21 23 30 33 38 40 46 48 54 55 59 61 66 71 75 82 89 94 134 145 159
0 2 10 13 18 25 28 34 38 42 44 48 54 55 56 59 62 66 72 79 82 86 92 130 147 161
0 6 11 15 20 26 30 35 39 40 44 50 53 58 59 62 66 72 75 80 85 91 125 153 163
0 1 2 10 11 14 20 23 30 34 38 42 46 48 54 57 59 60 65 71 76 81 85 112 130 147 164
0 3 16 20 25 32 35 37 41 45 48 53 58 59 62 67 71 75 80 85 98 132 152 161
0 3 10 14 20 25 29 33 37 41 46 48 53 62 69 74 75 81 87 96 127 142 167
0 2 10 11 13 18 25 29 36 37 40 45 48 53 55 61 67 70 75 80 87 94 137 148 162
0 2 10 14 19 25 29 35 37 43 45 48 53 55 60 65 72 75 82 89 93 133 143 159
0 8 13 20 24 29 33 39 40 45 50 54 55 56 59 61 67 71 75 80 85 91 126 144 160
0 2 10 11 13 18 27 30 33 37 41 44 48 53 54 61 67 71 78 83 88 91 133 151 159
0 2 15 21 25 29 35 37 41 44 48 53 54 55 59 60 68 71 75 82 87 94 126 146 160
0 3 10 15 19 23 29 36 37 41 44 48 54 56 60 69 70 76 81 87 123 131 145 159
0 1 2 13 18 27 28 35 38 41 44 48 53 54 56 62 66 70 75 83 88 91 126 144 165
0 1 2 10 16 19 25 29 34 37 40 46 48 53 56 59 60 67 71 75 81 86 108 125 141 173
0 1 3 16 21 25 30 35 38 40 44 48 53 60 67 71 75 80 85 93 134 152 159
0 1 6 10 14 19 25 30 34 37 40 46 51 53 55 58 60 65 72 75 81 86 94 127 142 174
0 1 2 10 13 20 25 29 35 38 40 46 51 53 54 55 58 61 67 71 79 81 85 96 127 142 167
0 2 10 16 20 23 29 34 37 40 45 48 53 54 55 58 61 65 71 75 81 89 93 131 151 159
0 2 10 13 18 27 32 36 37 42 46 48 54 59 60 67 71 76 82 86 97 127 142 158
0 6 10 16 21 26 29 33 37 41 45 51 53 56 61 67 72 75 82 86 94 125 142 174
0 2 11 15 19 27 30 33 37 41 44 48 54 55 60 65 70 75 80 87 94 125 151 168
0 2 14 19 25 29 33 37 40 44 51 53 58 63 68 73 75 80 86 94 127 142 174
0 1 8 11 12 16 20 26 30 33 39 41 44 50 54 55 58 61 69 70 79 84 89 119 135 151 163
0 1 3 11 15 19 26 30 33 37 40 46 48 53 55 56 64 67 74 78 83 88 112 130 149 166
0 1 9 10 14 19 25 29 33 39 41 46 49 53 55 56 58 61 69 71 78 81 85 112 131 143 173
0 1 2 10 11 15 20 26 29 33 37 42 46 48 53 55 56 60 67 73 78 83 86 94 134 147 159
0 1 6 11 14 19 25 32 33 38 41 46 48 53 55 62 66 71 78 81 86 108 133 151 163
