0 7 141 277 284 285 294
1 8 142 278 283 286 295
1 9 143 277 287 296
1 10 144 278 283 287 292 297
1 11 145 279 281 284 287 298 339
1 12 142 277 287 292 295
1 13 146 277 286 289 296 339
0 14 147 277 287 291 299 339
1 15 148 279 284 287 300
1 16 141 277 287 297
1 17 149 278 281 286 292 294
1 18 150 277 283 286 301
1 19 151 277 284 287 300
0 20 152 279 284 285 302 339
1 21 153 277 287 303
1 22 154 277 286 304
0 23 142 278 281 283 286 305
0 24 155 278 283 286 306
1 25 156 277 286 307
1 7 157 278 283 287 308
1 26 158 278 283 286 295
2 27 159 278 283 286 304
1 28 156 278 283 286 304
1 10 149 278 283 287 304
3 29 160 278 283 287 292 301 339
4 30 161 278 280 281 286 309
1 31 162 277 287 294
1 8 152 277 284 287 300 339
1 15 163 277 284 287 305
5 32 146 278 283 287 306
1 31 164 277 280 281 283 285 310 339
1 33 158 277 286 292 311
4 12 165 277 280 283 286 289 292 312
1 34 153 277 286 289 292 300
0 9 166 277 287 292 313
1 28 167 278 283 287 301
1 35 168 277 286 308
1 10 169 277 281 282 283 286 289 292 306
1 36 162 278 283 287 305
1 37 170 277 287 311
4 38 171 277 287 294 339
0 31 172 277 286 314 339
1 39 173 277 286 300
4 40 174 278 286 295 339
1 41 175 277 280 286 294
1 12 143 278 283 287 294
1 42 146 277 286 315
1 43 174 277 286 312 339
1 33 176 279 284 286 296
1 30 177 278 283 286 292 310
1 44 168 277 286 292 316
1 45 178 277 287 317
1 39 172 279 280 281 282 286 300
2 46 172 277 286 318
1 10 162 277 286 314
2 47 151 277 286 319
1 48 178 277 282 287 292 320
1 8 179 277 280 284 287 289 321 339
2 49 180 278 283 286 304
1 50 181 278 283 286 301
1 51 182 278 283 288 295 339
1 52 183 279 284 286 303
1 53 184 278 283 287 305
1 48 159 278 283 287 289 292 310
0 54 185 277 281 286 296
1 7 186 277 286 292 297
1 28 187 278 283 287 292 322
2 16 188 277 281 284 287 304 339
1 55 166 277 286 306
1 56 189 277 281 286 307
1 57 190 277 281 283 287 292 323
1 58 186 277 286 289 308
1 51 191 278 283 287 314
2 59 192 278 283 287 292 324
1 37 146 277 287 310
1 8 179 277 285 325 339
1 60 193 277 284 287 299
1 52 184 277 286 304 339
1 35 194 277 286 297
1 52 141 277 286 292 326
1 10 178 277 286 301
1 21 156 277 285 296
1 31 195 277 286 314
1 61 151 277 287 289 292 304
1 18 146 278 283 286 295
1 46 190 277 286 301
1 62 196 278 282 286 292 311
1 28 187 277 282 283 286 291 315
4 40 188 279 281 284 287 313
1 63 197 277 280 281 282 286 318
2 51 190 277 281 286 302
1 25 187 277 287 298
1 58 157 277 286 294 339
1 64 198 278 283 287 327
1 65 194 279 284 286 328
1 30 184 277 287 297
2 40 187 277 286 307 339
5 52 164 279 287 313
1 66 199 277 282 287 297
1 37 191 277 281 282 286 309 339
1 67 200 277 287 312
1 60 195 277 284 286 289 312
2 29 201 277 286 313
1 68 195 277 287 292 293 296
1 61 142 277 287 292 323
4 69 202 277 283 284 287 292 309
1 12 143 277 286 310
1 58 186 277 286 297
1 15 203 278 283 287 292 314
1 31 151 277 282 286 329
0 26 204 278 283 286 310
1 45 186 277 286 289 301
1 10 205 278 283 286 294
1 22 158 278 283 287 311
1 70 206 278 286 301
2 9 188 277 281 287 289 306 339
2 7 207 277 284 286 298
1 61 141 277 286 289 323
2 57 208 277 283 287 309
1 17 167 277 284 286 318
0 50 208 277 287 292 296
1 41 185 277 286 329
0 71 174 277 282 288 302
2 72 208 278 283 287 315
1 67 179 277 284 286 313
1 63 168 277 286 308
1 30 175 277 287 304
1 73 209 277 281 284 287 289 298 339
2 74 187 279 282 286 330 339
0 75 210 277 287 324
1 27 211 277 287 314
0 76 212 277 283 286 329
0 77 213 278 282 283 288 321 339
1 73 194 278 283 287 314
1 78 158 277 286 305
1 79 182 277 287 314
0 46 162 277 288 297
1 80 214 277 285 331 339
1 11 143 277 286 309
1 48 176 277 281 283 286 292 311
0 81 215 277 287 314
1 36 201 277 281 286 298
1 82 216 277 283 287 292 332
2 80 188 278 283 286 317 339
0 83 157 279 284 287 307
1 32 203 277 286 294
1 84 162 277 287 292 307
1 79 166 277 286 300
1 83 185 277 286 329
1 55 151 278 283 287 308
1 25 207 278 283 286 292 305
1 85 159 277 281 287 299 339
1 55 183 277 280 283 286 292 313 339
1 86 217 277 284 286 326
1 87 201 277 286 300
1 25 149 277 283 284 286 289 292 299
1 47 149 277 282 288 315
1 9 167 277 284 286 290 294
1 56 149 277 281 284 286 291 306
1 35 218 277 287 301
1 79 142 278 283 286 292 313
1 7 151 278 283 287 305
1 39 182 277 280 281 286 315
0 88 168 277 286 292 298
0 19 164 277 285 301
1 39 219 277 281 282 286 297
0 8 174 277 284 287 304
1 89 212 277 284 287 330
1 90 143 278 283 287 289 305
1 11 168 277 281 282 288 292 294 339
1 91 142 277 286 299
0 7 166 278 283 286 289 304
0 15 208 277 281 282 286 291 304
1 25 151 277 287 310 339
1 92 220 277 284 287 304
1 10 151 278 282 286 308 339
1 39 190 279 285 311
1 52 149 277 286 296
1 29 221 277 281 284 286 333
1 19 151 279 284 286 294
1 83 178 277 284 286 306
1 93 222 277 286 296
1 15 151 277 287 321
1 71 223 277 286 305
1 44 143 278 283 287 292 301
4 51 208 278 282 283 286 292 330 339
1 27 224 277 287 321
2 47 195 277 287 304
1 90 225 277 287 312
2 94 181 278 283 286 294
1 25 215 278 283 286 293 306
1 40 164 278 283 287 294 339
0 56 157 277 287 292 331
1 50 223 278 283 286 323
1 51 179 278 283 287 301
1 95 226 277 281 286 306 339
1 61 207 277 280 281 283 286 300 339
1 96 148 277 286 292 294
1 51 190 277 283 287 312
2 11 195 277 284 287 312
1 28 143 277 286 309
1 9 182 278 283 287 295
0 97 208 277 280 281 283 288 297
0 58 177 278 283 286 305
1 87 227 278 283 286 292 303
1 98 188 278 283 286 321
1 32 178 278 283 287 309
1 25 228 277 287 299
1 36 201 278 283 286 307
0 71 167 277 281 284 286 323 339
1 99 229 278 283 287 295
1 100 148 277 286 301 339
1 11 174 277 280 281 282 283 287 301
1 101 230 278 283 286 289 314 339
1 24 149 278 283 287 295
0 102 231 277 281 286 306
0 31 142 277 286 306
1 70 184 277 286 313
1 45 162 277 287 308
1 61 174 278 283 287 317
4 103 143 277 288 305 339
2 104 232 277 286 315
1 105 233 277 282 286 297
1 48 144 278 283 287 291 314
1 53 158 277 286 332
2 9 141 277 280 283 286 289 304
1 24 169 277 284 286 319
1 43 169 277 286 314 339
1 88 195 278 283 287 292 321
1 43 143 277 286 289 319 339
1 106 234 277 282 287 295
4 7 172 277 286 305
1 16 188 277 287 307
1 25 187 277 286 301
1 107 188 277 284 287 315
1 42 235 277 286 304
1 39 189 277 284 286 329
1 31 148 278 287 317
4 8 143 277 283 284 287 310 339
1 51 172 277 286 294 339
1 13 236 278 283 287 312
1 108 237 277 286 321
0 109 238 278 281 285 318 339
1 13 177 277 283 287 332
1 41 148 277 287 290 309
1 110 239 277 286 305
2 111 221 278 283 286 300
1 97 160 278 286 310
2 30 232 277 286 304
1 17 189 277 286 298
1 38 173 277 286 300
1 52 207 279 284 287 318 339
1 112 240 277 286 314
1 84 151 277 286 306
1 86 170 277 280 283 287 304
1 48 241 278 280 286 334
1 71 142 277 287 305
1 79 149 278 283 287 297
1 48 157 277 281 287 309
1 83 172 278 283 286 305
1 55 242 278 283 285 292 317 339
1 60 243 277 286 312
1 24 212 278 281 287 296
2 52 178 278 283 287 292 307
1 25 228 277 287 321
1 79 172 278 283 286 306
1 38 159 277 286 312
1 27 191 279 284 288 314
1 44 212 279 282 284 286 329 339
1 18 146 277 280 287 308
1 44 212 277 284 286 308 339
4 19 141 278 283 287 312
1 113 167 278 281 283 286 292 303
2 67 190 279 284 287 289 312
0 91 185 277 286 310 339
1 114 230 277 283 284 286 319
1 52 183 277 286 315
1 67 148 277 286 289 317
1 115 244 277 287 292 310
1 116 149 277 287 295
1 73 230 277 287 321
1 38 232 278 283 286 292 314
1 15 186 277 280 286 292 317
0 16 156 277 281 286 321
1 16 228 278 283 287 296
1 12 153 277 287 298
2 62 245 277 286 310
1 24 166 277 286 314
1 24 142 277 284 285 294
1 51 151 277 286 329
1 116 246 277 284 286 319
1 40 149 277 284 287 289 316
6 38 179 278 283 286 304
1 116 178 277 286 291 308
0 43 228 277 287 289 314
1 10 203 277 281 286 315
1 12 247 277 286 310 339
1 13 201 277 280 282 286 297 339
1 29 190 279 281 284 287 303
1 8 228 278 283 286 301
1 104 144 277 281 284 286 321
1 47 168 278 283 286 292 306
1 117 248 279 280 284 288 292 304 339
1 42 238 277 281 284 286 315
1 118 180 278 283 286 305
1 9 189 277 286 307 339
4 72 164 277 284 286 307
1 71 149 277 286 309
1 16 168 277 287 306
1 119 249 277 283 284 287 303
2 8 191 278 283 287 292 314
1 88 195 277 281 284 286 292 304
1 87 172 277 280 286 296 339
1 25 247 277 286 307
2 76 230 277 286 308
0 8 185 277 281 286 305
1 58 148 277 286 292 309
1 12 174 277 282 286 326
1 88 168 277 287 321
1 120 250 278 283 287 304
1 49 251 277 285 331
1 121 252 277 286 303 339
1 55 151 277 287 321
0 122 195 279 281 284 286 314
2 118 253 277 283 287 297
2 123 254 277 282 283 287 292 335
1 39 172 277 284 286 318
1 44 228 279 281 284 287 307
1 21 255 277 286 296
2 80 247 278 283 286 292 303
0 124 256 277 281 282 286 292 306
1 51 176 278 283 287 321
1 25 228 278 283 287 296
2 35 189 278 283 287 292 308
0 45 176 277 286 315 339
1 88 189 277 287 321
1 16 257 277 281 284 287 300
2 31 186 277 286 317
1 45 162 278 283 287 321
1 24 187 277 286 296
1 85 191 278 283 287 315 339
1 28 188 277 281 283 286 329
2 77 153 277 281 287 303
1 24 169 277 284 287 294
1 83 176 277 286 321
0 87 190 279 284 285 307
0 57 159 277 283 284 287 301
1 42 238 277 280 288 296
0 36 184 277 283 284 287 322 339
2 125 258 278 283 286 292 315
1 43 141 277 281 286 308 339
1 126 259 277 287 307
1 124 260 277 281 282 283 286 292 294
1 31 261 278 283 286 289 310
1 18 170 277 287 294
1 10 160 277 286 310
1 71 169 277 282 286 310
1 73 230 278 283 286 307 339
1 88 183 277 286 314
2 61 174 278 283 286 292 321
1 25 174 277 286 310
1 61 164 277 287 331
1 56 212 277 284 286 289 301 339
1 35 167 277 281 286 296
1 16 212 279 284 287 305
1 127 189 278 283 286 321
1 17 166 277 287 304
4 128 212 277 281 286 289 291 328 339
5 85 190 277 286 303
1 38 246 278 283 286 296
1 7 141 278 283 286 296
1 16 188 278 283 286 292 310
1 79 164 277 287 336
1 73 214 278 281 285 289 294
1 88 141 277 286 317
1 30 262 278 283 286 329
1 129 263 277 287 296
1 81 142 278 283 286 314
1 70 223 277 283 284 286 314
2 55 183 277 287 318
1 46 209 278 281 283 286 311
1 130 264 278 283 287 295
2 8 141 277 280 281 286 292 300
1 88 142 277 287 292 323
1 73 195 277 286 292 306
1 44 168 277 286 289 312
1 131 237 277 282 284 287 294 339
2 36 206 278 283 286 301
1 21 153 277 288 317
0 38 200 277 285 333
1 79 182 277 286 318
0 60 230 277 281 286 309
2 41 186 277 288 300
1 48 265 277 286 306
2 32 169 277 284 287 334
2 52 232 277 287 289 321
1 9 143 278 283 286 292 337
1 30 158 277 286 294
0 24 266 277 287 312
1 132 267 277 287 319
1 12 167 278 283 287 292 306
1 41 179 278 283 286 292 317
1 24 166 277 286 323
1 91 208 277 281 286 310
0 24 207 278 286 309 339
5 133 245 277 286 292 304
1 86 191 277 287 305
0 55 143 278 283 286 315
1 56 207 277 286 289 296
1 43 224 278 283 287 296
0 12 187 277 286 294 339
1 134 154 277 280 288 305
1 27 172 278 283 287 292 305
0 12 143 277 281 283 286 294
1 135 209 277 281 287 300
1 8 268 278 283 287 292 314
1 86 164 277 284 287 289 303
1 118 180 277 283 286 311
0 25 183 278 280 281 283 286 292 307
2 11 143 279 284 286 312 339
4 53 154 277 287 304 339
0 46 203 277 285 289 292 321 339
1 40 141 278 283 286 307
1 130 269 278 281 286 292 294
2 136 270 277 280 283 286 301
1 137 271 277 286 332
1 12 143 277 288 297 339
1 86 190 277 280 281 287 292 298
1 87 174 277 284 286 304
1 57 172 277 285 289 312
1 138 175 278 283 286 314
1 92 272 277 287 301
1 90 273 278 283 287 289 292 317
1 18 190 277 280 281 287 299
1 56 182 277 287 309
1 24 183 277 287 305
1 105 206 277 282 286 297
1 97 160 277 286 338
4 139 274 278 280 281 286 292 306
1 28 167 277 284 287 291 297
1 19 169 277 284 286 319
0 33 235 278 283 286 292 304
0 97 207 277 282 286 292 306
1 116 160 279 284 287 292 313
1 17 275 278 283 287 327
1 55 188 278 283 287 314
3 140 276 278 283 286 292 331
0 131 181 277 284 286 311
1 24 207 278 283 286 317
1 61 142 277 286 323 339
1 90 156 279 284 287 292 303
2 52 151 277 286 296
1 71 207 277 280 288 307
1 61 149 277 281 284 287 312
1 31 185 278 283 287 307
2 79 228 277 286 307
1 88 225 277 286 304
1 30 160 278 287 306
1 58 265 277 287 292 336
1 18 246 278 286 292 299
2 121 252 277 286 292 310
1 60 215 277 280 281 286 292 312
1 76 156 279 280 281 283 287 329
2 86 141 277 284 286 289 309 339
1 56 141 277 284 288 316
0 85 174 277 288 314
1 46 176 278 283 287 306
1 52 143 277 288 292 311
1 21 156 277 284 286 316
1 99 237 278 283 286 295
