0 2 3 12 18 20 21
0 2 3 6 12 20 21
5 9 11 13 22
0 2 3 12 18 20 21
0 2 3 12 20 21
0 2 3 6 12 20 21
0 2 3 6 12 19 20 21
5 6 9 11 13 19 22
5 9 11 13 22
0 2 3 6 12 18 19 21
0 2 3 12 20 21
1 4 6 7 14 19 23
5 9 11 13 22
7 8 9 13 18 24
5 7 8 9 12 18 24
5 7 8 9 15 18 24
1 4 7 14 23
0 2 3 6 12 20 21
5 9 11 13 20 22
2 3 5 11 13 20 21
1 4 6 7 14 19 23
1 4 5 6 7 14 23
0 2 3 6 12 20 21
1 4 6 7 14 20 23
6 7 8 15 18 25
5 12 18 26
5 10 12 18 26
0 2 3 4 6 14 21
0 2 3 6 12 20 21
0 2 3 14 18 19 20 21
4 6 7 8 15 18 25
0 2 3 6 12 19 20 21
0 2 3 6 14 18 20 21
1 4 5 7 14 23
5 6 9 11 13 22
0 2 3 6 12 19 21
0 2 3 6 12 21
1 4 7 14 23
5 9 11 13 22
0 4 6 7 8 10 15 18 19 25
0 4 6 7 8 15 18 25
1 7 14 23
4 7 8 15 18 25
1 4 6 7 14 23
0 2 3 12 20 21
0 2 3 12 20 21
5 7 8 9 15 18 24
0 2 3 12 20 21
0 2 3 5 12 20 21
0 2 3 12 21
0 2 3 12 20 21
0 4 6 7 8 15 18 25
5 12 26
5 7 8 9 16 18 20 24
0 2 3 12 21
0 2 3 6 12 20 21
1 6 7 14 20 23
1 4 6 7 14 19 23
1 5 7 14 20 23
1 4 6 7 14 23
5 9 11 13 20 22
5 9 11 13 22
10 13 27
0 3 5 7 12 20 21
0 2 3 12 20 21
0 2 3 6 12 19 20 21
2 3 5 11 13 20 21
0 2 3 12 20 21
0 2 3 12 19 20 21
0 2 3 12 20 21
0 2 3 6 12 19 20 21
1 7 14 20 23
2 7 8 10 16 24
5 6 9 11 13 22
0 2 3 5 11 13 18 20 21
0 2 3 5 11 14 20 21
2 5 9 10 13 27
5 7 8 9 10 13 18 24
1 4 5 7 14 23
1 4 5 7 14 23
13 27
6 7 8 13 18 24
5 6 9 11 13 22
1 4 6 7 14 23
0 2 3 6 14 21
5 7 8 9 17 18 24
5 9 10 11 13 20 22
1 4 5 6 7 14 20 23
6 7 8 15 18 25
5 6 12 18 26
6 7 12 20 27
12 27
5 9 11 13 20 22
0 2 3 4 6 14 21
0 2 3 6 12 21
1 4 7 14 20 23
0 2 3 6 14 20 21
0 4 6 7 8 10 15 18 25
0 2 3 12 20 21
6 7 8 13 18 24
1 4 6 7 14 23
